0.000 4.26
1.000 15.46
2.000 5.48
3.000 16.66
4.000 16.30
5.000 23.13
6.000 20.74
7.000 26.52
8.000 22.78
9.000 31.13
10.000 21.18
11.000 31.42
12.000 38.95
13.000 45.50
14.000 53.04
15.000 61.53
16.000 56.44
17.000 64.67
18.000 65.43
19.000 80.84
20.000 84.02
21.000 94.38
22.000 111.19
23.000 111.63
24.000 124.15
25.000 137.54
26.000 153.20
27.000 153.54
28.000 163.40
29.000 179.53
30.000 184.76
31.000 194.92
32.000 205.62
33.000 235.58
34.000 231.55
35.000 258.48
36.000 267.14
37.000 291.51
38.000 305.71
39.000 310.78
40.000 326.61
41.000 349.07
42.000 365.11
43.000 377.99
44.000 391.17
45.000 417.65
46.000 429.04
47.000 448.45
48.000 466.05
49.000 483.78
