lte010-4.0-0.0.BT-Settl.7.dat.txt   1000.0  4.0    1.546  328.824   18.268
lte010-4.5-0.0.BT-Settl.7.dat.txt   1000.0  4.5    1.469  418.522   23.251
lte010-5.0-0.0.BT-Settl.7.dat.txt   1000.0  5.0    1.397  475.292   26.405
lte010-5.5-0.0.BT-Settl.7.dat.txt   1000.0  5.5    1.344  532.053   29.559
lte011-3.5-0.0.BT-Settl.7.dat.txt   1100.0  3.5    1.719  257.255   14.292
lte011-4.0-0.0.BT-Settl.7.dat.txt   1100.0  4.0    1.423  155.570    8.643
lte011-4.5-0.0.BT-Settl.7.dat.txt   1100.0  4.5    1.277  343.944   19.108
lte011-5.0-0.0.BT-Settl.7.dat.txt   1100.0  5.0    1.209  415.059   23.059
lte011-5.5-0.0.BT-Settl.7.dat.txt   1100.0  5.5    1.119  503.182   27.955
lte012-3.5-0.0.BT-Settl.7.dat.txt   1200.0  3.5    1.499  242.438   13.469
lte012-4.0-0.0.BT-Settl.7.dat.txt   1200.0  4.0    1.202   91.609    5.089
lte012-4.5-0.0.BT-Settl.7.dat.txt   1200.0  4.5    1.193  184.531   10.252
lte012-5.0-0.0.BT-Settl.7.dat.txt   1200.0  5.0    1.070  311.621   17.312
lte012-5.5-0.0.BT-Settl.7.dat.txt   1200.0  5.5    1.008  421.068   23.393
lte013-3.5-0.0.BT-Settl.7.dat.txt   1300.0  3.5    1.243  212.519   11.807
lte013-4.0-0.0.BT-Settl.7.dat.txt   1300.0  4.0    1.067   38.640    2.147
lte013-4.5-0.0.BT-Settl.7.dat.txt   1300.0  4.5    0.972  143.247    7.958
lte013-5.0-0.0.BT-Settl.7.dat.txt   1300.0  5.0    0.958  226.383   12.577
lte013-5.5-0.0.BT-Settl.7.dat.txt   1300.0  5.5    0.916  322.754   17.931
lte014-3.5-0.0.BT-Settl.7.dat.txt   1400.0  3.5    1.023  194.134   10.785
lte014-4.0-0.0.BT-Settl.7.dat.txt   1400.0  4.0    0.922   24.215    1.345
lte014-4.5-0.0.BT-Settl.7.dat.txt   1400.0  4.5    0.892   78.635    4.369
lte014-5.0-0.0.BT-Settl.7.dat.txt   1400.0  5.0    0.886  140.988    7.833
lte014-5.5-0.0.BT-Settl.7.dat.txt   1400.0  5.5    0.829  243.233   13.513
lte015-3.5-0.0.BT-Settl.7.dat.txt   1500.0  3.5    0.887   90.103    5.006
lte015-4.0-0.0.BT-Settl.7.dat.txt   1500.0  4.0    0.794   22.937    1.274
lte015-4.5-0.0.BT-Settl.7.dat.txt   1500.0  4.5    0.783   57.776    3.210
lte015-5.0-0.0.BT-Settl.7.dat.txt   1500.0  5.0    0.783   95.107    5.284
lte015-5.5-0.0.BT-Settl.7.dat.txt   1500.0  5.5    0.758  160.427    8.913
lte016-3.5-0.0.BT-Settl.7.dat.txt   1600.0  3.5    0.809   45.941    2.552
lte016-4.0-0.0.BT-Settl.7.dat.txt   1600.0  4.0    0.725   22.879    1.271
lte016-4.5-0.0.BT-Settl.7.dat.txt   1600.0  4.5    0.673   58.483    3.249
lte016-5.0-0.0.BT-Settl.7.dat.txt   1600.0  5.0    0.704   76.984    4.277
lte016-5.5-0.0.BT-Settl.7.dat.txt   1600.0  5.5    0.680  120.356    6.686
lte017-3.5-0.0.BT-Settl.7.dat.txt   1700.0  3.5    0.698   37.770    2.098
lte017-4.0-0.0.BT-Settl.7.dat.txt   1700.0  4.0    0.648   38.872    2.160
lte017-4.5-0.0.BT-Settl.7.dat.txt   1700.0  4.5    0.672   36.166    2.009
lte017-5.0-0.0.BT-Settl.7.dat.txt   1700.0  5.0    0.644   64.504    3.584
lte017-5.5-0.0.BT-Settl.7.dat.txt   1700.0  5.5    0.621   81.827    4.546
lte018-3.5-0.0.BT-Settl.7.dat.txt   1800.0  3.5    0.580   53.990    2.999
lte018-4.0-0.0.BT-Settl.7.dat.txt   1800.0  4.0    0.546   61.865    3.437
lte018-4.5-0.0.BT-Settl.7.dat.txt   1800.0  4.5    0.558   54.328    3.018
lte018-5.0-0.0.BT-Settl.7.dat.txt   1800.0  5.0    0.579   55.957    3.109
lte018-5.5-0.0.BT-Settl.7.dat.txt   1800.0  5.5    0.645   44.912    2.495
lte019-3.5-0.0.BT-Settl.7.dat.txt   1900.0  3.5    0.540   51.881    2.882
lte019-4.0-0.0.BT-Settl.7.dat.txt   1900.0  4.0    0.490   83.388    4.633
lte019-4.5-0.0.BT-Settl.7.dat.txt   1900.0  4.5    0.463  106.662    5.926
lte019-5.0-0.0.BT-Settl.7.dat.txt   1900.0  5.0    0.503   98.322    5.462
lte019-5.5-0.0.BT-Settl.7.dat.txt   1900.0  5.5    0.555   83.233    4.624
lte020-3.0-0.0.BT-Settl.7.dat.txt   2000.0  3.0    0.448   56.064    3.115
lte020-3.5-0.0.BT-Settl.7.dat.txt   2000.0  3.5    0.437   65.845    3.658
lte020-4.0-0.0.BT-Settl.7.dat.txt   2000.0  4.0    0.422   74.069    4.115
lte020-4.5-0.0.BT-Settl.7.dat.txt   2000.0  4.5    0.446   54.404    3.022
lte020-5.0-0.0.BT-Settl.7.dat.txt   2000.0  5.0    0.428   77.909    4.328
lte020-5.5-0.0.BT-Settl.7.dat.txt   2000.0  5.5    0.483   49.634    2.757
