# OPT+NIR spectrum of VHS1256b
# Normalized at ~1.6 micron
# GTC/OSIRIS + NTT/SOFI
          
#==============================================
# Wavelength (Angstrom)  Normalized Flux  Error 
#==============================================

5018.34780429712 5.127009E-03 4.914300E-03
5026.34772210372 8.576800E-03 4.597086E-03
5034.34763991032 1.746535E-02 4.080623E-03
5042.34755771692 2.372137E-02 4.230029E-03
5050.34747552352 1.888199E-02 4.550206E-03
5058.34739333012 3.017754E-03 4.898814E-03
5066.34731113673 2.002826E-02 4.757089E-03
5074.34722894333 3.699066E-03 5.156431E-03
5082.34714674993 6.184163E-03 4.060437E-03
5090.34706455653 1.141129E-02 4.237634E-03
5098.34698236313 -2.138431E-02 3.357177E-03
5106.34690016973 3.396260E-02 3.479489E-03
5114.34681797633 4.426500E-02 3.393691E-03
5122.34673578294 5.166203E-03 3.508280E-03
5130.34665358954 -2.936669E-02 3.563234E-03
5138.34657139614 5.650586E-03 3.468766E-03
5146.34648920274 2.150769E-02 3.138297E-03
5154.34640700934 4.905817E-03 3.439914E-03
5162.34632481594 8.949769E-03 3.114857E-03
5170.34624262254 1.039412E-02 3.029086E-03
5178.34616042915 -5.573517E-03 3.097297E-03
5186.34607823575 -9.280060E-03 3.235129E-03
5194.34599604235 -3.581031E-02 3.297234E-03
5202.34591384895 -5.838691E-03 4.469600E-03
5210.34583165555 -4.675137E-03 5.151631E-03
5218.34574946215 3.378114E-03 3.290697E-03
5226.34566726876 3.090834E-02 2.964769E-03
5234.34558507536 2.709162E-02 2.796997E-03
5242.34550288196 1.994646E-02 2.163461E-03
5250.34542068856 1.762085E-02 2.153439E-03
5258.34533849516 1.298126E-02 1.909126E-03
5266.34525630176 -4.102966E-03 1.646631E-03
5274.34517410836 -2.392339E-03 1.617988E-03
5282.34509191497 -5.187694E-03 1.722703E-03
5290.34500972157 2.003733E-02 2.131390E-03
5298.34492752817 4.752574E-03 1.983740E-03
5306.34484533477 3.328734E-03 8.400357E-03
5314.34476314137 -1.454275E-02 1.204805E-02
5322.34468094797 3.148020E-03 4.425143E-03
5330.34459875458 3.005814E-03 2.132034E-03
5338.34451656118 7.614600E-03 2.407729E-03
5346.34443436778 9.467026E-03 2.443809E-03
5354.34435217438 4.879889E-03 3.395686E-03
5362.34426998098 1.137267E-03 3.956466E-03
5370.34418778758 -2.232926E-02 3.804354E-03
5378.34410559418 2.574534E-02 5.375940E-03
5386.34402340079 6.412129E-03 6.627120E-03
5394.34394120739 -2.091000E-02 5.397160E-03
5402.34385901399 7.911074E-03 3.186057E-03
5410.34377682059 -1.149327E-02 2.559183E-03
5418.34369462719 1.192215E-02 2.524172E-03
5426.34361243379 1.736872E-02 2.502384E-03
5434.34353024039 -1.578564E-02 2.597913E-03
5442.34344804700 1.769843E-02 2.964480E-03
5450.34336585360 1.412271E-02 2.376282E-03
5458.34328366020 3.810440E-03 1.716765E-03
5466.34320146680 -1.196513E-02 1.956953E-03
5474.34311927340 -1.554835E-02 1.968619E-03
5482.34303708000 5.163589E-03 1.565810E-03
5490.34295488661 -1.037554E-02 1.728082E-03
5498.34287269321 -5.266363E-03 2.239210E-03
5506.34279049981 -9.927934E-03 1.938426E-03
5514.34270830641 -1.434492E-02 2.490044E-03
5522.34262611301 7.573543E-03 2.383073E-03
5530.34254391961 9.887351E-03 1.980985E-03
5538.34246172622 -2.351629E-03 1.832716E-03
5546.34237953282 2.530063E-02 2.683294E-03
5554.34229733942 1.564060E-02 2.478813E-03
5562.34221514602 -4.388920E-03 1.418037E-03
5570.34213295262 -2.541107E-02 1.355044E-03
5578.34205075922 9.170140E-03 1.732893E-03
5586.34196856582 2.241609E-02 1.433312E-03
5594.34188637243 -2.008543E-03 1.318733E-03
5602.34180417903 -4.782469E-03 2.343236E-03
5610.34172198563 1.165947E-02 3.642949E-03
5618.34163979223 -1.367695E-03 2.261598E-03
5626.34155759883 -1.183319E-02 1.369387E-03
5634.34147540543 1.607285E-02 2.170314E-03
5642.34139321203 2.210859E-02 2.248094E-03
5650.34131101864 -4.956114E-03 1.349898E-03
5658.34122882524 -1.100974E-02 1.638549E-03
5666.34114663184 5.109289E-03 2.097621E-03
5674.34106443844 -3.666089E-03 1.809753E-03
5682.34098224504 -9.929994E-03 1.281755E-03
5690.34090005164 -7.813406E-03 1.440783E-03
5698.34081785825 1.933208E-02 1.646284E-03
5706.34073566485 1.539531E-02 1.633146E-03
5714.34065347145 -5.007654E-03 1.096406E-03
5722.34057127805 -2.605238E-03 1.129389E-03
5730.34048908465 -8.741989E-03 1.169196E-03
5738.34040689125 -3.497637E-03 1.272635E-03
5746.34032469785 -2.606374E-02 2.247213E-03
5754.34024250446 -1.068013E-03 2.511281E-03
5762.34016031106 -1.123364E-03 2.098001E-03
5770.34007811766 1.282984E-02 2.346547E-03
5778.33999592426 9.176163E-04 2.342685E-03
5786.33991373086 3.594723E-02 2.355538E-03
5794.33983153746 9.430580E-03 2.422331E-03
5802.33974934406 -2.239276E-02 2.359947E-03
5810.33966715067 -3.553671E-03 2.412402E-03
5818.33958495727 -5.008791E-03 2.045890E-03
5826.33950276387 2.658311E-03 2.436499E-03
5834.33942057047 -1.367248E-02 4.388160E-03
5842.33933837707 4.529954E-03 4.028669E-03
5850.33925618367 9.220431E-03 3.749100E-03
5858.33917399027 -1.960485E-02 4.116820E-03
5866.33909179688 -2.213016E-02 8.341109E-03
5874.33900960348 -1.103156E-02 1.318719E-02
5882.33892741008 1.162174E-02 1.017813E-02
5890.33884521668 7.092520E-03 5.195620E-03
5898.33876302328 1.655397E-02 3.990351E-03
5906.33868082988 1.486578E-02 2.321447E-03
5914.33859863649 -4.568500E-03 1.072412E-03
5922.33851644309 -1.392588E-02 1.163039E-03
5930.33843424969 -8.972320E-03 1.101315E-03
5938.33835205629 -2.750245E-02 1.214101E-03
5946.33826986289 -1.029953E-02 1.575638E-03
5954.33818766950 3.630466E-03 1.418200E-03
5962.33810547610 1.066229E-02 1.781206E-03
5970.33802328270 -1.438179E-02 1.760147E-03
5978.33794108930 -2.851899E-02 1.732744E-03
5986.33785889590 -2.504873E-02 1.915873E-03
5994.33777670250 -1.367109E-02 1.889945E-03
6002.33769450910 1.833624E-02 1.835751E-03
6010.33761231571 9.112083E-03 1.434203E-03
6018.33753012231 6.112123E-03 1.168740E-03
6026.33744792891 1.622939E-03 1.494049E-03
6034.33736573551 1.694151E-03 1.729141E-03
6042.33728354211 -1.921397E-03 1.721112E-03
6050.33720134871 -7.640717E-03 1.695218E-03
6058.33711915531 -1.822387E-02 1.920115E-03
6066.33703696191 -1.132810E-02 1.535439E-03
6074.33695476852 -1.208982E-02 2.012954E-03
6082.33687257512 -3.198180E-02 1.974780E-03
6090.33679038172 -1.233515E-02 1.897676E-03
6098.33670818832 -2.062279E-03 2.681886E-03
6106.33662599492 -3.201723E-04 2.600712E-03
6114.33654380152 -5.757311E-03 2.179191E-03
6122.33646160813 1.344985E-02 2.380305E-03
6130.33637941473 4.539397E-04 2.187783E-03
6138.33629722133 -3.027954E-02 1.986119E-03
6146.33621502793 -3.879783E-02 1.617094E-03
6154.33613283453 -1.920519E-02 1.133063E-03
6162.33605064113 -9.318726E-04 1.106567E-03
6170.33596844774 -4.312374E-03 1.234466E-03
6178.33588625434 -6.638860E-03 1.251918E-03
6186.33580406094 -3.608251E-03 1.189068E-03
6194.33572186754 -1.283035E-03 1.517537E-03
6202.33563967414 2.769626E-02 1.730156E-03
6210.33555748074 1.805064E-02 1.700385E-03
6218.33547528734 2.124005E-02 1.637905E-03
6226.33539309395 -8.571906E-03 1.179595E-03
6234.33531090055 -3.104351E-03 1.424685E-03
6242.33522870715 4.341111E-03 1.415929E-03
6250.33514651375 -6.167489E-03 1.634239E-03
6258.33506432035 -9.080634E-03 1.299727E-03
6266.33498212695 -3.701094E-03 1.387212E-03
6274.33489993355 -2.195454E-03 1.495193E-03
6282.33481774016 -3.130689E-03 1.950767E-03
6290.33473554676 -1.136413E-02 1.707877E-03
6298.33465335336 -3.929523E-02 1.897270E-03
6306.33457115996 1.984014E-03 1.587197E-03
6314.33448896656 3.090471E-02 2.651540E-03
6322.33440677317 1.679797E-02 1.976665E-03
6330.33432457977 1.413587E-03 2.178340E-03
6338.33424238637 6.104311E-03 2.552725E-03
6346.33416019297 -3.854460E-03 2.525073E-03
6354.33407799957 2.475393E-02 2.921971E-03
6362.33399580617 3.875651E-02 3.764811E-03
6370.33391361277 2.730579E-03 3.040817E-03
6378.33383141937 7.128571E-03 3.146037E-03
6386.33374922598 3.781809E-02 3.351480E-03
6394.33366703258 -9.757154E-03 3.699986E-03
6402.33358483918 1.420726E-02 2.921463E-03
6410.33350264578 2.081967E-02 2.960629E-03
6418.33342045238 5.480066E-03 3.058143E-03
6426.33333825898 1.047914E-02 2.660183E-03
6434.33325606559 -1.229647E-02 2.615482E-03
6442.33317387219 -1.021978E-02 2.421379E-03
6450.33309167879 -2.362758E-02 2.125034E-03
6458.33300948539 1.977763E-02 2.760757E-03
6466.33292729199 2.027623E-02 2.522231E-03
6474.33284509859 -7.600257E-04 1.953009E-03
6482.33276290519 1.180189E-02 1.499187E-03
6490.33268071180 1.709572E-02 1.594646E-03
6498.33259851840 -1.375373E-02 1.895181E-03
6506.33251632500 -8.983646E-03 1.794393E-03
6514.33243413160 1.020984E-02 1.760372E-03
6522.33235193820 1.996539E-02 1.891321E-03
6530.33226974480 1.933767E-02 1.870078E-03
6538.33218755140 1.316499E-02 1.629327E-03
6546.33210535801 1.558589E-02 1.280469E-03
6554.33202316461 1.818527E-03 1.353246E-03
6562.33194097121 -1.545821E-02 1.929738E-03
6570.33185877781 -2.250279E-02 1.909385E-03
6578.33177658441 -1.632902E-03 1.693862E-03
6586.33169439101 1.545991E-02 1.748743E-03
6594.33161219762 1.943671E-02 1.976669E-03
6602.33153000422 1.727205E-02 1.808528E-03
6610.33144781082 1.529917E-02 1.925179E-03
6618.33136561742 2.087246E-02 2.153694E-03
6626.33128342402 2.259772E-02 1.953563E-03
6634.33120123062 1.021719E-02 1.462223E-03
6642.33111903722 -3.284249E-03 1.741359E-03
6650.33103684383 1.314229E-02 2.091948E-03
6658.33095465043 3.479589E-03 2.111387E-03
6666.33087245703 -1.013041E-02 1.714244E-03
6674.33079026363 -2.662233E-03 1.788609E-03
6682.33070807023 2.948554E-03 1.636768E-03
6690.33062587684 4.389217E-03 1.698683E-03
6698.33054368344 1.004941E-02 1.897475E-03
6706.33046149004 1.148615E-02 1.954445E-03
6714.33037929664 -1.198643E-02 1.860306E-03
6722.33029710324 -1.266331E-02 1.793993E-03
6730.33021490984 -1.541295E-02 1.986026E-03
6738.33013271644 3.657829E-03 1.743523E-03
6746.33005052304 2.576221E-02 1.802668E-03
6754.32996832965 -8.974294E-04 1.662879E-03
6762.32988613625 -1.041743E-03 1.928163E-03
6770.32980394285 2.031276E-03 1.853594E-03
6778.32972174945 2.590907E-02 2.084575E-03
6786.32963955605 2.113596E-02 2.674376E-03
6794.32955736265 5.034689E-03 2.345052E-03
6802.32947516925 2.782303E-02 2.241465E-03
6810.32939297586 3.796366E-03 2.205344E-03
6818.32931078246 -6.834057E-04 1.993387E-03
6826.32922858906 1.413913E-02 1.912412E-03
6834.32914639566 1.759661E-02 2.401505E-03
6842.32906420226 4.815269E-03 2.372848E-03
6850.32898200886 -1.780444E-02 2.073638E-03
6858.32889981547 5.630000E-03 1.951312E-03
6866.32881762207 7.348760E-04 2.285892E-03
6874.32873542867 3.248771E-03 2.445873E-03
6882.32865323527 2.176715E-02 1.652635E-03
6890.32857104187 1.075199E-02 1.930374E-03
6898.32848884847 -3.787174E-03 2.380692E-03
6906.32840665507 2.682681E-03 2.155081E-03
6914.32832446168 2.705319E-02 2.262311E-03
6922.32824226828 1.825584E-02 2.159191E-03
6930.32816007488 6.771834E-03 1.947693E-03
6938.32807788148 -1.955095E-02 2.411901E-03
6946.32799568808 3.728517E-02 2.556780E-03
6954.32791349468 1.655846E-02 2.101574E-03
6962.32783130129 2.456328E-02 1.916377E-03
6970.32774910789 3.862849E-02 2.226432E-03
6978.32766691449 3.116874E-02 2.280818E-03
6986.32758472109 1.455877E-02 1.985709E-03
6994.32750252769 1.135448E-02 2.012716E-03
7002.32742033429 1.849006E-02 2.266260E-03
7010.32733814089 2.085341E-02 2.161619E-03
7018.32725594749 6.624340E-03 2.155269E-03
7026.32717375410 1.831465E-02 1.928905E-03
7034.32709156070 1.423335E-02 1.952804E-03
7042.32700936730 2.941634E-02 1.908450E-03
7050.32692717390 2.622499E-02 1.609004E-03
7058.32684498051 1.203459E-02 2.094578E-03
7066.32676278711 -2.839617E-03 1.970515E-03
7074.32668059371 8.108569E-03 1.685085E-03
7082.32659840031 3.282251E-02 2.195256E-03
7090.32651620691 4.072594E-02 2.353079E-03
7098.32643401351 3.966743E-02 2.321613E-03
7106.32635182011 7.601263E-03 1.882741E-03
7114.32626962671 2.222972E-02 1.942457E-03
7122.32618743331 -9.889157E-03 1.894613E-03
7130.32610523992 -5.116900E-03 2.079498E-03
7138.32602304652 -9.075097E-03 2.297099E-03
7146.32594085312 5.210383E-03 2.303001E-03
7154.32585865972 2.496485E-02 2.301138E-03
7162.32577646632 5.491963E-03 1.918337E-03
7170.32569427292 -1.535779E-03 1.697763E-03
7178.32561207953 1.435632E-02 2.028459E-03
7186.32552988613 1.779464E-02 2.061613E-03
7194.32544769273 2.634624E-02 1.789823E-03
7202.32536549933 1.152967E-02 1.818634E-03
7210.32528330593 1.651017E-03 2.521759E-03
7218.32520111253 2.073362E-02 2.411640E-03
7226.32511891914 2.579650E-02 2.329629E-03
7234.32503672574 2.865197E-02 2.180567E-03
7242.32495453234 1.341040E-02 1.928310E-03
7250.32487233894 1.970840E-02 2.284274E-03
7258.32479014554 3.326454E-02 1.950650E-03
7266.32470795214 4.011980E-02 1.778033E-03
7274.32462575874 4.580734E-02 2.893986E-03
7282.32454356535 4.386774E-02 2.812275E-03
7290.32446137195 3.843949E-02 2.502413E-03
7298.32437917855 2.164353E-02 2.162878E-03
7306.32429698515 2.875311E-02 2.488053E-03
7314.32421479175 2.157809E-02 2.511063E-03
7322.32413259835 -3.226300E-03 2.729398E-03
7330.32405040496 -5.575231E-03 2.289614E-03
7338.32396821156 -1.130503E-02 2.119670E-03
7346.32388601816 2.730982E-03 2.383957E-03
7354.32380382476 1.426103E-02 1.979431E-03
7362.32372163136 2.842659E-02 2.066036E-03
7370.32363943796 8.567163E-03 2.381861E-03
7378.32355724457 1.343914E-02 2.217818E-03
7386.32347505117 3.370557E-02 2.482324E-03
7394.32339285777 3.012866E-02 2.533226E-03
7402.32331066437 -2.651589E-04 2.340256E-03
7410.32322847097 -7.746166E-03 2.502271E-03
7418.32314627757 3.002063E-02 2.476837E-03
7426.32306408417 1.601749E-02 1.961821E-03
7434.32298189078 -2.551424E-03 1.943982E-03
7442.32289969738 6.214294E-03 2.012464E-03
7450.32281750398 2.691057E-02 2.299539E-03
7458.32273531058 1.613207E-02 2.130003E-03
7466.32265311718 1.536607E-02 2.121291E-03
7474.32257092378 2.253348E-02 2.043441E-03
7482.32248873038 5.769409E-03 1.971646E-03
7490.32240653699 -5.244654E-03 2.183917E-03
7498.32232434359 -3.502597E-03 2.081549E-03
7506.32224215019 1.265222E-02 1.840367E-03
7514.32215995679 -4.342329E-04 1.947645E-03
7522.32207776339 2.103053E-02 2.366863E-03
7530.32199556999 2.489565E-02 2.239154E-03
7538.32191337659 -8.941103E-03 2.081963E-03
7546.32183118320 -5.729443E-03 2.274386E-03
7554.32174898980 1.464011E-02 2.179148E-03
7562.32166679640 -8.504091E-03 2.252709E-03
7570.32158460300 -1.810038E-02 2.032500E-03
7578.32150240960 1.629160E-03 1.822425E-03
7586.32142021620 2.230509E-02 1.915758E-03
7594.32133802281 1.316063E-02 1.712531E-03
7602.32125582941 1.780417E-03 1.836166E-03
7610.32117363601 -4.469809E-03 1.843376E-03
7618.32109144261 -1.615889E-02 1.961080E-03
7626.32100924921 -5.331346E-03 1.984760E-03
7634.32092705581 -8.147026E-03 2.100800E-03
7642.32084486241 5.238183E-03 2.113153E-03
7650.32076266902 8.704606E-03 2.200340E-03
7658.32068047562 1.502181E-02 2.438413E-03
7666.32059828222 7.307537E-03 2.207692E-03
7674.32051608882 1.074596E-02 2.401658E-03
7682.32043389542 -4.770169E-03 2.371541E-03
7690.32035170202 -2.103931E-02 2.330007E-03
7698.32026950863 -3.070171E-03 2.231450E-03
7706.32018731523 2.725323E-02 2.594560E-03
7714.32010512183 2.960591E-02 2.858611E-03
7722.32002292843 1.576377E-02 2.837691E-03
7730.31994073503 1.132297E-02 2.309887E-03
7738.31985854163 2.163560E-02 2.328539E-03
7746.31977634823 1.952488E-02 2.418147E-03
7754.31969415484 1.635631E-02 2.991977E-03
7762.31961196144 3.167023E-02 2.398238E-03
7770.31952976804 2.150901E-02 2.254906E-03
7778.31944757464 1.839484E-02 3.322006E-03
7786.31936538124 2.243057E-03 3.400603E-03
7794.31928318784 1.839207E-02 3.054289E-03
7802.31920099445 1.558256E-02 2.977546E-03
7810.31911880105 1.867981E-02 3.206580E-03
7818.31903660765 2.291635E-02 3.166931E-03
7826.31895441425 3.471851E-02 3.247929E-03
7834.31887222085 4.568640E-02 2.967097E-03
7842.31879002745 1.998362E-02 2.993420E-03
7850.31870783405 -1.575652E-02 3.557420E-03
7858.31862564065 8.160377E-03 2.660375E-03
7866.31854344726 4.413766E-02 2.173951E-03
7874.31846125386 3.728851E-02 3.072503E-03
7882.31837906046 4.099923E-02 3.468303E-03
7890.31829686706 1.665341E-02 2.678326E-03
7898.31821467366 1.009374E-02 2.538224E-03
7906.31813248026 2.410071E-02 2.793869E-03
7914.31805028687 2.827515E-02 2.942863E-03
7922.31796809347 3.550131E-02 2.736557E-03
7930.31788590007 3.267403E-02 2.620163E-03
7938.31780370667 3.778003E-02 2.890754E-03
7946.31772151327 3.027711E-02 2.688695E-03
7954.31763931987 7.405594E-03 1.952830E-03
7962.31755712647 7.709954E-03 2.105403E-03
7970.31747493308 2.143706E-02 2.173639E-03
7978.31739273968 2.535213E-02 1.758057E-03
7986.31731054628 3.514529E-02 2.356245E-03
7994.31722835288 2.422078E-02 2.407980E-03
8002.31714615948 1.645239E-02 2.085051E-03
8010.31706396608 2.204965E-03 2.065575E-03
8018.31698177269 -3.023337E-04 2.063571E-03
8026.31689957929 1.365139E-02 1.834498E-03
8034.31681738589 2.450400E-02 2.194162E-03
8042.31673519249 9.016246E-03 2.011059E-03
8050.31665299909 1.852106E-02 2.221291E-03
8058.31657080569 1.118724E-02 2.167564E-03
8066.31648861229 1.413527E-02 2.004818E-03
8074.31640641890 4.554169E-02 2.333228E-03
8082.31632422550 3.273063E-02 2.143800E-03
8090.31624203210 3.618411E-02 2.319358E-03
8098.31615983870 3.080763E-02 2.309941E-03
8106.31607764530 4.161771E-02 2.517242E-03
8114.31599545191 1.520267E-02 2.153822E-03
8122.31591325851 2.549499E-02 2.329628E-03
8130.31583106511 2.508616E-02 2.331511E-03
8138.31574887171 2.754807E-02 2.323449E-03
8146.31566667831 3.385554E-02 2.396934E-03
8154.31558448491 2.051500E-02 2.470972E-03
8162.31550229151 2.487738E-02 2.926986E-03
8170.31542009812 3.075257E-02 2.926380E-03
8178.31533790472 3.382846E-02 2.556922E-03
8186.31525571132 2.889349E-02 2.580735E-03
8194.31517351792 4.658229E-02 2.838748E-03
8202.31509132452 5.522991E-02 2.615415E-03
8210.31500913112 4.046377E-02 2.131624E-03
8218.31492693773 3.402200E-02 2.008709E-03
8226.31484474433 3.923574E-02 2.508995E-03
8234.31476255093 3.871997E-02 2.541501E-03
8242.31468035753 3.490600E-02 2.514720E-03
8250.31459816413 5.045426E-02 2.692864E-03
8258.31451597073 6.391566E-02 2.797285E-03
8266.31443377733 5.850611E-02 2.655138E-03
8274.31435158394 4.425697E-02 2.170367E-03
8282.31426939054 2.971406E-02 2.058841E-03
8290.31418719714 4.151891E-02 2.433448E-03
8298.31410500374 6.803737E-02 2.794652E-03
8306.31402281034 6.494880E-02 2.919320E-03
8314.31394061694 5.201880E-02 2.764189E-03
8322.31385842355 4.082651E-02 2.510197E-03
8330.31377623015 5.337151E-02 2.614667E-03
8338.31369403675 8.406669E-02 2.735446E-03
8346.31361184335 7.298789E-02 2.909094E-03
8354.31352964995 5.785951E-02 2.671169E-03
8362.31344745655 6.188546E-02 2.631229E-03
8370.31336526315 6.614391E-02 2.886786E-03
8378.31328306975 5.019614E-02 2.877171E-03
8386.31320087636 5.669514E-02 2.858889E-03
8394.31311868296 6.096011E-02 2.907503E-03
8402.31303648956 7.332986E-02 2.795642E-03
8410.31295429616 6.408840E-02 2.746569E-03
8418.31287210276 6.053300E-02 2.984269E-03
8426.31278990936 6.372137E-02 3.087791E-03
8434.31270771596 7.090357E-02 2.933569E-03
8442.31262552257 4.893949E-02 2.485837E-03
8450.31254332917 4.197983E-02 2.597314E-03
8458.31246113577 5.803940E-02 2.804438E-03
8466.31237894237 7.196394E-02 2.821054E-03
8474.31229674897 5.604931E-02 2.789574E-03
8482.31221455557 6.545583E-02 2.800018E-03
8490.31213236217 5.553469E-02 2.927600E-03
8498.31205016878 6.364889E-02 2.764057E-03
8506.31196797538 7.592160E-02 2.700955E-03
8514.31188578198 4.921346E-02 2.611382E-03
8522.31180358858 4.208154E-02 2.789595E-03
8530.31172139518 8.039997E-02 2.901034E-03
8538.31163920178 8.320911E-02 3.118614E-03
8546.31155700839 6.503763E-02 3.085463E-03
8554.31147481499 5.885106E-02 3.001963E-03
8562.31139262159 7.041269E-02 3.084686E-03
8570.31131042819 6.590423E-02 3.139394E-03
8578.31122823479 7.530151E-02 3.211163E-03
8586.31114604139 8.130637E-02 3.285397E-03
8594.31106384800 6.830611E-02 3.201169E-03
8602.31098165460 7.767271E-02 3.249674E-03
8610.31089946120 6.306154E-02 2.832472E-03
8618.31081726780 8.067534E-02 3.081337E-03
8626.31073507440 7.429846E-02 3.208426E-03
8634.31065288100 8.639769E-02 3.230403E-03
8642.31057068760 6.849731E-02 3.064114E-03
8650.31048849421 7.933994E-02 3.332329E-03
8658.31040630081 7.661100E-02 3.289549E-03
8666.31032410741 6.746551E-02 3.054937E-03
8674.31024191401 5.374434E-02 3.011826E-03
8682.31015972061 4.788160E-02 3.114549E-03
8690.31007752721 6.935509E-02 3.189994E-03
8698.30999533382 9.519186E-02 3.368469E-03
8706.30991314042 8.620726E-02 3.433229E-03
8714.30983094702 7.440034E-02 3.353411E-03
8722.30974875362 6.557997E-02 3.335234E-03
8730.30966656022 8.456129E-02 3.597317E-03
8738.30958436682 8.490957E-02 3.586443E-03
8746.30950217342 1.000935E-01 3.690440E-03
8754.30941998003 1.131110E-01 3.621126E-03
8762.30933778663 1.034182E-01 3.572914E-03
8770.30925559323 7.464534E-02 3.506189E-03
8778.30917339983 5.482223E-02 3.320574E-03
8786.30909120643 8.767406E-02 3.780349E-03
8794.30900901303 7.266063E-02 3.759140E-03
8802.30892681963 9.107937E-02 3.731403E-03
8810.30884462624 9.623706E-02 3.829146E-03
8818.30876243284 8.889537E-02 3.751214E-03
8826.30868023944 1.022678E-01 3.413063E-03
8834.30859804604 8.969194E-02 3.449754E-03
8842.30851585264 8.353920E-02 3.670940E-03
8850.30843365924 1.002134E-01 3.937129E-03
8858.30835146585 9.565960E-02 4.068671E-03
8866.30826927245 1.082722E-01 3.992420E-03
8874.30818707905 1.206748E-01 3.920246E-03
8882.30810488565 1.269613E-01 3.955434E-03
8890.30802269225 1.040273E-01 3.801729E-03
8898.30794049885 1.447775E-01 3.720671E-03
8906.30785830546 1.371564E-01 4.257846E-03
8914.30777611206 1.313987E-01 4.439960E-03
8922.30769391866 1.212075E-01 4.351877E-03
8930.30761172526 5.302186E-02 3.306434E-03
8938.30752953186 8.855723E-02 3.561300E-03
8946.30744733846 1.394550E-01 4.252577E-03
8954.30736514506 1.017915E-01 3.850554E-03
8962.30728295167 8.217571E-02 3.966223E-03
8970.30720075827 8.884769E-02 3.869014E-03
8978.30711856487 8.906277E-02 3.848086E-03
8986.30703637147 8.687349E-02 3.984649E-03
8994.30695417807 8.752129E-02 4.043260E-03
9002.30687198467 1.105312E-01 4.136477E-03
9010.30678979127 1.324996E-01 4.237986E-03
9018.30670759788 1.360282E-01 4.321534E-03
9026.30662540448 1.259111E-01 4.523029E-03
9034.30654321108 1.401118E-01 4.469357E-03
9042.30646101768 1.334589E-01 4.288580E-03
9050.30637882428 1.112521E-01 4.360954E-03
9058.30629663088 1.385239E-01 4.407760E-03
9066.30621443749 1.414001E-01 4.537800E-03
9074.30613224409 1.261506E-01 4.467037E-03
9082.30605005069 1.416827E-01 4.351326E-03
9090.30596785729 1.359312E-01 4.478537E-03
9098.30588566389 1.057696E-01 4.548151E-03
9106.30580347049 8.420254E-02 4.923826E-03
9114.30572127710 1.190842E-01 4.855514E-03
9122.30563908370 1.211241E-01 4.690631E-03
9130.30555689030 1.275381E-01 4.623646E-03
9138.30547469690 1.116832E-01 4.431143E-03
9146.30539250350 1.345876E-01 4.893566E-03
9154.30531031010 1.220850E-01 4.781646E-03
9162.30522811670 1.094279E-01 4.797054E-03
9170.30514592330 8.764346E-02 4.500711E-03
9178.30506372991 1.350064E-01 4.942109E-03
9186.30498153651 1.451800E-01 5.196586E-03
9194.30489934311 1.423333E-01 5.198646E-03
9202.30481714971 1.535351E-01 5.420086E-03
9210.30473495631 1.630275E-01 5.463854E-03
9218.30465276291 1.706490E-01 5.403917E-03
9226.30457056951 1.419182E-01 5.462217E-03
9234.30448837612 1.397239E-01 5.505771E-03
9242.30440618272 1.412544E-01 5.736569E-03
9250.30432398932 1.258791E-01 5.429126E-03
9258.30424179592 1.189071E-01 5.504843E-03
9266.30415960252 1.092069E-01 5.571703E-03
9274.30407740912 1.082154E-01 5.301289E-03
9282.30399521573 6.493117E-02 4.932737E-03
9290.30391302233 7.577183E-02 4.794289E-03
9298.30383082893 1.891661E-02 3.982503E-03
9306.30374863553 7.278174E-02 4.323546E-03
9314.30366644213 9.222334E-02 4.661580E-03
9322.30358424873 5.710034E-02 5.254791E-03
9330.30350205534 1.232685E-01 5.552111E-03
9338.30341986194 8.643326E-02 4.688237E-03
9346.30333766854 8.938300E-02 5.215149E-03
9354.30325547514 1.028760E-01 4.802317E-03
9362.30317328174 4.480257E-02 5.041843E-03
9370.30309108834 7.911540E-02 5.661706E-03
9378.30300889495 1.043233E-01 6.080369E-03
9386.30292670155 1.714653E-01 6.895009E-03
9394.30284450815 1.634622E-01 7.086949E-03
9402.30276231475 1.029841E-01 6.479503E-03
9410.30268012135 1.315107E-01 6.339934E-03
9418.30259792795 1.384864E-01 6.211609E-03
9426.30251573455 1.439330E-01 6.182391E-03
9434.30243354116 1.725196E-01 6.243231E-03
9442.30235134776 1.480904E-01 6.489323E-03
9450.30226915436 1.299641E-01 6.291797E-03
9458.30218696096 1.933973E-01 6.539871E-03
9466.30210476756 1.524915E-01 6.858709E-03
9474.30202257416 9.364509E-02 6.487663E-03
9482.30194038076 8.523000E-02 5.504826E-03
9490.30185818737 1.602333E-01 6.724620E-03
9498.30177599397 1.138881E-01 5.695306E-03
9506.30169380057 1.013691E-01 6.243249E-03
9514.30161160717 1.756538E-01 7.453823E-03
9522.30152941377 1.378257E-01 7.371923E-03
9530.30144722037 1.408825E-01 7.578177E-03
9538.30136502698 1.169059E-01 6.830594E-03
9546.30128283358 1.133937E-01 7.268146E-03
9554.30120064018 1.424675E-01 7.431474E-03
9562.30111844678 1.168088E-01 7.377403E-03
9570.30103625338 1.631073E-01 7.822197E-03
9578.30095405998 1.447956E-01 7.626137E-03
9586.30087186658 1.256768E-01 7.805949E-03
9594.30078967319 1.492722E-01 8.306226E-03
9602.30070747979 1.740518E-01 8.557314E-03
9610.30062528639 1.832056E-01 8.796509E-03
9618.30054309299 1.795304E-01 8.659254E-03
9626.30046089959 1.430576E-01 8.651303E-03
9634.30037870619 1.429428E-01 8.683689E-03
9642.30029651280 1.726985E-01 9.100594E-03
9650.30021431940 1.921111E-01 9.722014E-03
9658.30013212600 1.916322E-01 9.383677E-03
9666.30004993260 1.753575E-01 9.393360E-03
9674.29996773920 1.792804E-01 1.006927E-02
9682.29988554580 2.067552E-01 9.860029E-03
9690.29980335240 2.557666E-01 1.105826E-02
9698.29972115901 2.560862E-01 1.057950E-02
9706.29963896561 2.496631E-01 1.080810E-02
9714.29955677221 2.242785E-01 1.117744E-02
9722.29947457881 2.532218E-01 1.098049E-02
9730.29939238541 2.202304E-01 1.147974E-02
9738.29931019201 2.303258E-01 1.180187E-02
9746.29922799861 2.521558E-01 1.184135E-02
9754.29914580522 1.870081E-01 1.146670E-02
9762.29906361182 1.581227E-01 1.196041E-02
9770.29898141842 1.972960E-01 1.234611E-02
9778.29889922502 2.752172E-01 1.291558E-02
9786.29881703162 2.323541E-01 1.269857E-02
9794.29873483822 2.273193E-01 1.131917E-02
9802.29865264483 2.245986E-01 1.236847E-02
9810.29857045143 2.456731E-01 1.311589E-02
9818.29848825803 2.429207E-01 1.352361E-02
9826.29840606463 2.259071E-01 1.353609E-02
9834.29832387123 1.905848E-01 1.399099E-02
9842.29824167783 2.336724E-01 1.562562E-02
9850.29815948444 2.781214E-01 1.508317E-02
9858.29807729104 2.244722E-01 1.451001E-02
9866.29799509764 2.136117E-01 1.440777E-02
9874.29791290424 2.790537E-01 1.539783E-02
9882.29783071084 2.413805E-01 1.473984E-02
9890.29774851744 1.957636E-01 1.433018E-02
9898.29766632404 2.061867E-01 1.548965E-02
9887.00207434770 0.2682986 0.0209834
9893.94243432900 0.2306011 0.0201464
9900.88279431040 0.2445465 0.0200603
9907.82315429170 0.2250398 0.0199388
9914.76351427300 0.1818217 0.0196634
9921.70387425430 0.1868080 0.0202016
9928.64423423560 0.2461097 0.0229156
9935.58459421700 0.3391901 0.0251645
9942.52495419830 0.2966802 0.0246941
9949.46531417960 0.2687831 0.0236579
9956.40567416090 0.2232844 0.0214031
9963.34603414220 0.2656397 0.0209246
9970.28639412350 0.3412534 0.0208276
9977.22675410480 0.3446699 0.0216203
9984.16711408620 0.3238292 0.0219213
9991.10747406750 0.2724881 0.0214075
9998.04783404880 0.2317708 0.0209825
10004.9881940301 0.2451199 0.0213016
10011.9285540114 0.2384995 0.0213499
10018.8689139928 0.2597939 0.0213486
10025.8092739741 0.2357876 0.0208130
10032.7496339554 0.2324853 0.0201896
10039.6899939367 0.2592427 0.0205020
10046.6303539180 0.2747228 0.0209076
10053.5707138993 0.2822640 0.0212062
10060.5110738807 0.2845815 0.0214663
10067.4514338620 0.2572387 0.0223320
10074.3917938433 0.2113494 0.0225866
10081.3321538246 0.1610046 0.0218994
10088.2725138059 0.2195722 0.0216843
10095.2128737872 0.3073522 0.0223883
10102.1532337686 0.3329420 0.0230283
10109.0935937499 0.2748213 0.0229216
10116.0339537312 0.2746265 0.0230288
10122.9743137125 0.3483381 0.0250267
10129.9146736938 0.3890375 0.0247532
10136.8550336752 0.3936396 0.0241641
10143.7953936565 0.3396458 0.0221065
10150.7357536378 0.3591979 0.0233416
10157.6761136191 0.3650675 0.0250556
10164.6164736004 0.4049375 0.0260933
10171.5568335817 0.3379659 0.0251700
10178.4971935631 0.3244660 0.0239512
10185.4375535444 0.2842497 0.0229488
10192.3779135257 0.3323466 0.0224180
10199.3182735070 0.3415027 0.0221131
10206.2586334883 0.3685146 0.0224497
10213.1989934696 0.3796354 0.0228650
10220.1393534510 0.3318719 0.0221851
10227.0797134323 0.3282174 0.0219054
10234.0200734136 0.3160545 0.0219389
10240.9604333949 0.3064511 0.0231564
10247.9007933762 0.2714384 0.0231124
10254.8411533575 0.2529500 0.0225789
10261.7815133389 0.2477669 0.0225461
10268.7218733202 0.2737976 0.0227214
10275.6622333015 0.2789893 0.0231932
10282.6025932828 0.3634014 0.0227719
10289.5429532641 0.3708961 0.0228112
10296.4833132455 0.3969318 0.0230231
10303.4236732268 0.3491699 0.0228700
10310.3640332081 0.3562579 0.0232766
10317.3043931894 0.3745811 0.0233584
10324.2447531707 0.3894050 0.0230942
10331.1851131520 0.4202221 0.0235823
10338.1254731334 0.4176343 0.0238348
10345.0658331147 0.4160650 0.0240137
10352.0061930960 0.3882754 0.0230786
10358.9465530773 0.3745725 0.0224281
10365.8869130586 0.3862607 0.0223861
10372.8272730399 0.3897425 0.0228552
10379.7676330213 0.3943168 0.0233775
10386.7079930026 0.3943643 0.0238891
10393.6483529839 0.3722600 0.0236198
10400.5887129652 0.3768829 0.0236110
10407.5290729465 0.3631457 0.0236940
10414.4694329278 0.3762389 0.0238944
10421.4097929092 0.3744371 0.0240062
10428.3501528905 0.3594054 0.0233288
10435.2905128718 0.3189944 0.0223289
10442.2308728531 0.3187005 0.0219901
10449.1712328344 0.3322274 0.0219486
10456.1115928158 0.3943146 0.0231948
10463.0519527971 0.3498587 0.0236881
10469.9923127784 0.3532647 0.0244031
10476.9326727597 0.3287081 0.0238806
10483.8730327410 0.4107468 0.0236102
10490.8133927223 0.4283604 0.0235572
10497.7537527037 0.4432964 0.0240374
10504.6941126850 0.3455372 0.0230618
10511.6344726663 0.2840132 0.0223591
10518.5748326476 0.2717075 0.0224717
10525.5151926289 0.3204716 0.0235722
10532.4555526102 0.3612571 0.0247847
10539.3959125916 0.3455764 0.0239485
10546.3362725729 0.3375481 0.0234398
10553.2766325542 0.3547505 0.0227995
10560.2169925355 0.3698007 0.0242103
10567.1573525168 0.3786664 0.0256654
10574.0977124982 0.3657382 0.0255477
10581.0380724795 0.3569105 0.0238279
10587.9784324608 0.3873007 0.0234162
10594.9187924421 0.3833961 0.0232480
10601.8591524234 0.4175650 0.0247480
10608.7995124047 0.4048707 0.0238255
10615.7398723861 0.3981704 0.0236702
10622.6802323674 0.3755175 0.0229454
10629.6205923487 0.3815729 0.0226932
10636.5609523300 0.3818264 0.0234692
10643.5013123113 0.3523735 0.0243175
10650.4416722926 0.2937081 0.0254937
10657.3820322740 0.2967174 0.0258390
10664.3223922553 0.3351392 0.0246424
10671.2627522366 0.3762704 0.0237905
10678.2031122179 0.3899211 0.0230755
10685.1434721992 0.3551663 0.0230192
10692.0838321805 0.3589157 0.0231277
10699.0241921619 0.3648811 0.0231323
10705.9645521432 0.3910186 0.0233330
10712.9049121245 0.4028504 0.0233092
10719.8452721058 0.3886586 0.0229244
10726.7856320871 0.4383864 0.0234337
10733.7259920685 0.4210789 0.0233096
10740.6663520498 0.4005132 0.0229801
10747.6067120311 0.3443196 0.0226445
10754.5470720124 0.3267632 0.0226577
10761.4874319937 0.3499946 0.0229530
10768.4277919750 0.3740689 0.0230987
10775.3681519564 0.4091825 0.0233697
10782.3085119377 0.3962379 0.0246604
10789.2488719190 0.3745514 0.0250888
10796.1892319003 0.3554714 0.0252895
10803.1295918816 0.3385659 0.0252280
10810.0699518629 0.3463193 0.0248783
10817.0103118443 0.4072218 0.0276594
10823.9506718256 0.4300125 0.0311305
10830.8910318069 0.4181454 0.0324380
10837.8313917882 0.4182132 0.0297346
10844.7717517695 0.4136182 0.0279080
10851.7121117508 0.4343861 0.0270913
10858.6524717322 0.4427646 0.0270183
10865.5928317135 0.4452211 0.0247310
10872.5331916948 0.4699943 0.0245242
10879.4735516761 0.4622693 0.0241321
10886.4139116574 0.4315486 0.0235534
10893.3542716388 0.3797782 0.0228882
10900.2946316201 0.3541445 0.0231259
10907.2349916014 0.3420805 0.0239612
10914.1753515827 0.3865768 0.0246371
10921.1157115640 0.4062543 0.0251379
10928.0560715453 0.3950107 0.0260383
10934.9964315267 0.3599629 0.0252195
10941.9367915080 0.4002979 0.0244514
10948.8771514893 0.3722132 0.0227205
10955.8175114706 0.3456693 0.0225704
10962.7578714519 0.3448583 0.0225677
10969.6982314332 0.3860314 0.0231334
10976.6385914146 0.4130350 0.0234242
10983.5789513959 0.4085514 0.0245135
10990.5193113772 0.3738204 0.0246459
10997.4596713585 0.3712907 0.0243586
11004.4000313398 0.3757361 0.0227557
11011.3403913211 0.3712432 0.0218785
11018.2807513025 0.3526852 0.0241882
11025.2211112838 0.3390273 0.0248201
11032.1614712651 0.3191501 0.0245964
11039.1018312464 0.3246933 0.0220098
11046.0421912277 0.3432395 0.0223316
11052.9825512091 0.3503544 0.0239416
11059.9229111904 0.3883068 0.0251093
11066.8632711717 0.3745632 0.0254658
11073.8036311530 0.3835729 0.0245457
11080.7439911343 0.3334265 0.0236409
11087.6843511156 0.3185219 0.0220062
11094.6247110970 0.3064663 0.0212035
11101.5650710783 0.3147935 0.0209563
11108.5054310596 0.3357110 0.0213753
11115.4457910409 0.3463051 0.0216218
11122.3861510222 0.3434409 0.0212825
11129.3265110035 0.3408103 0.0210868
11136.2668709849 0.3378219 0.0218133
11143.2072309662 0.3449895 0.0225617
11150.1475909475 0.3499707 0.0220554
11157.0879509288 0.3328070 0.0205161
11164.0283109101 0.3060478 0.0194005
11170.9686708914 0.3050687 0.0195993
11177.9090308728 0.3797154 0.0215498
11184.8493908541 0.3928804 0.0227312
11191.7897508354 0.3922686 0.0227622
11198.7301108167 0.3583486 0.0216433
11205.6704707980 0.3211702 0.0216065
11212.6108307794 0.3668843 0.0221843
11219.5511907607 0.4211364 0.0217937
11226.4915507420 0.4304171 0.0213056
11233.4319107233 0.4090879 0.0208060
11240.3722707046 0.4133489 0.0208134
11247.3126306859 0.4267661 0.0207416
11254.2529906673 0.3873579 0.0202241
11261.1933506486 0.3409752 0.0197879
11268.1337106299 0.3014185 0.0198577
11275.0740706112 0.3586764 0.0205016
11282.0144305925 0.3723014 0.0203471
11288.9547905738 0.3992743 0.0200227
11295.8951505552 0.3717779 0.0205071
11302.8355105365 0.3491164 0.0215657
11309.7758705178 0.3505354 0.0218249
11316.7162304991 0.3377218 0.0212063
11323.6565904804 0.3512054 0.0203872
11330.5969504617 0.3778346 0.0199127
11337.5373104431 0.3654193 0.0192821
11344.4776704244 0.3568443 0.0193932
11351.4180304057 0.3593189 0.0199825
11358.3583903870 0.3789571 0.0210160
11365.2987503683 0.4110121 0.0215715
11372.2391103497 0.4142086 0.0217962
11379.1794703310 0.3900932 0.0216037
11386.1198303123 0.3550635 0.0216074
11393.0601902936 0.3452716 0.0214812
11400.0005502749 0.3448646 0.0210668
11406.9409102562 0.3501952 0.0203451
11413.8812702376 0.3262234 0.0197428
11420.8216302189 0.3321375 0.0201104
11427.7619902002 0.3741814 0.0220917
11434.7023501815 0.4221996 0.0228795
11441.6427101628 0.4157321 0.0227518
11448.5830701441 0.3899900 0.0213067
11455.5234301255 0.3864364 0.0210692
11462.4637901068 0.3725971 0.0208199
11469.4041500881 0.3910571 0.0209133
11476.3445100694 0.3850750 0.0214560
11483.2848700507 0.4155089 0.0229957
11490.2252300321 0.4095189 0.0233895
11497.1655900134 0.4225061 0.0232070
11504.1059499947 0.3943554 0.0221061
11511.0463099760 0.4203143 0.0227459
11517.9866699573 0.4108096 0.0223822
11524.9270299386 0.4156686 0.0226452
11531.8673899200 0.3644639 0.0214630
11538.8077499013 0.3837057 0.0223140
11545.7481098826 0.3710904 0.0220542
11552.6884698639 0.4051161 0.0224396
11559.6288298452 0.3940043 0.0216710
11566.5691898265 0.3820139 0.0218916
11573.5095498079 0.3551355 0.0215530
11580.4499097892 0.3748293 0.0222694
11587.3902697705 0.3996021 0.0233665
11594.3306297518 0.3912621 0.0238345
11601.2709897331 0.3520143 0.0235811
11608.2113497144 0.3428817 0.0222008
11615.1517096958 0.3448514 0.0216437
11622.0920696771 0.3662339 0.0215895
11629.0324296584 0.3737071 0.0222761
11635.9727896397 0.3975736 0.0230071
11642.9131496210 0.3751000 0.0230405
11649.8535096024 0.3526933 0.0225879
11656.7938695837 0.3358154 0.0221114
11663.7342295650 0.3480022 0.0215372
11670.6745895463 0.3471798 0.0215824
11677.6149495276 0.3533038 0.0220294
11684.5553095089 0.3722850 0.0226051
11691.4956694903 0.3691725 0.0224539
11698.4360294716 0.3826382 0.0230335
11705.3763894529 0.3909804 0.0235426
11712.3167494342 0.4060304 0.0239594
11719.2571094155 0.4191539 0.0234044
11726.1974693968 0.4302143 0.0228470
11733.1378293782 0.4306054 0.0228900
11740.0781893595 0.4259754 0.0226626
11747.0185493408 0.4221829 0.0229656
11753.9589093221 0.4077543 0.0234314
11760.8992693034 0.3830775 0.0230452
11767.8396292847 0.3468821 0.0220855
11774.7799892661 0.3346999 0.0215708
11781.7203492474 0.3540937 0.0230176
11788.6607092287 0.3927561 0.0242241
11795.6010692100 0.4148289 0.0242759
11802.5414291913 0.4371632 0.0236335
11809.4817891727 0.4565946 0.0232436
11816.4221491540 0.4608571 0.0234235
11823.3625091353 0.4553800 0.0235684
11830.3028691166 0.4671443 0.0238715
11837.2432290979 0.4879193 0.0245423
11844.1835890792 0.4753196 0.0244290
11851.1239490606 0.4641204 0.0248839
11858.0643090419 0.4327032 0.0244691
11865.0046690232 0.4296521 0.0241644
11871.9450290045 0.4465457 0.0236960
11878.8853889858 0.4651289 0.0235983
11885.8257489671 0.4646154 0.0238736
11892.7661089485 0.4357139 0.0237643
11899.7064689298 0.4230236 0.0236882
11906.6468289111 0.4426579 0.0238996
11913.5871888924 0.4632946 0.0242186
11920.5275488737 0.4513311 0.0240268
11927.4679088550 0.4563261 0.0241626
11934.4082688364 0.4514679 0.0240624
11941.3486288177 0.4469875 0.0242324
11948.2889887990 0.4418825 0.0237847
11955.2293487803 0.4570407 0.0240095
11962.1697087616 0.4902464 0.0242285
11969.1100687430 0.5119043 0.0250727
11976.0504287243 0.5185168 0.0250376
11982.9907887056 0.5194100 0.0254973
11989.9311486869 0.4955314 0.0251435
11996.8715086682 0.5067154 0.0256731
12003.8118686495 0.5042846 0.0262211
12010.7522286309 0.4975114 0.0262611
12017.6925886122 0.4876914 0.0258100
12024.6329485935 0.4733289 0.0250669
12031.5733085748 0.4949086 0.0256793
12038.5136685561 0.5111607 0.0275813
12045.4540285374 0.5262371 0.0273923
12052.3943885188 0.5284039 0.0273244
12059.3347485001 0.4893989 0.0253018
12066.2751084814 0.4875939 0.0252380
12073.2154684627 0.4954143 0.0248243
12080.1558284440 0.5259100 0.0250175
12087.0961884253 0.5420068 0.0250921
12094.0365484067 0.5257425 0.0265822
12100.9769083880 0.5053850 0.0312554
12107.9172683693 0.4932421 0.0316926
12114.8576283506 0.5081121 0.0300247
12121.7979883319 0.5025161 0.0254920
12128.7383483133 0.5155125 0.0259919
12135.6787082946 0.5279804 0.0266407
12142.6190682759 0.5600104 0.0268862
12149.5594282572 0.5586954 0.0263741
12156.4997882385 0.5502518 0.0260726
12163.4401482198 0.5208889 0.0252494
12170.3805082012 0.5509021 0.0253200
12177.3208681825 0.5638936 0.0257756
12184.2612281638 0.5732654 0.0270601
12191.2015881451 0.5584350 0.0271423
12198.1419481264 0.5456618 0.0267274
12205.0823081077 0.5235825 0.0255571
12212.0226680891 0.4962864 0.0259359
12218.9630280704 0.5191021 0.0262985
12225.9033880517 0.5572257 0.0273349
12232.8437480330 0.5626368 0.0287264
12239.7841080143 0.5542104 0.0295822
12246.7244679957 0.5565711 0.0290278
12253.6648279770 0.5727311 0.0272038
12260.6051879583 0.5709550 0.0262200
12267.5455479396 0.5801432 0.0265782
12274.4859079209 0.6021911 0.0271282
12281.4262679022 0.6021936 0.0270350
12288.3666278836 0.5798971 0.0262649
12295.3069878649 0.5681414 0.0256684
12302.2473478462 0.5636189 0.0257047
12309.1877078275 0.5907200 0.0265901
12316.1280678088 0.6033479 0.0270727
12323.0684277901 0.6114118 0.0276957
12330.0087877715 0.5951457 0.0279703
12336.9491477528 0.5657600 0.0277078
12343.8895077341 0.5460407 0.0269581
12350.8298677154 0.5526186 0.0265308
12357.7702276967 0.5689518 0.0269878
12364.7105876780 0.5855250 0.0280711
12371.6509476594 0.5829782 0.0302253
12378.5913076407 0.6018046 0.0297271
12385.5316676220 0.6179811 0.0290451
12392.4720276033 0.6135986 0.0266003
12399.4123875846 0.5830729 0.0265859
12406.3527475659 0.5968686 0.0274274
12413.2931075473 0.6319793 0.0283845
12420.2334675286 0.6372261 0.0283917
12427.1738275099 0.5936257 0.0272102
12434.1141874912 0.5427393 0.0262286
12441.0545474725 0.5322254 0.0261728
12447.9949074539 0.5446889 0.0262300
12454.9352674352 0.5708054 0.0267129
12461.8756274165 0.5633889 0.0273620
12468.8159873978 0.5883350 0.0285732
12475.7563473791 0.6225821 0.0296648
12482.6967073604 0.6732518 0.0305684
12489.6370673418 0.6685521 0.0277397
12496.5774273231 0.6518554 0.0275418
12503.5177873044 0.6549014 0.0263741
12510.4581472857 0.6260975 0.0278973
12517.3985072670 0.6050264 0.0269344
12524.3388672483 0.5858643 0.0271025
12531.2792272297 0.5767843 0.0272082
12538.2195872110 0.5849111 0.0271000
12545.1599471923 0.5737257 0.0269801
12552.1003071736 0.5894557 0.0269933
12559.0406671549 0.6061357 0.0272169
12565.9810271362 0.6153496 0.0272954
12572.9213871176 0.6338871 0.0278040
12579.8617470989 0.6078950 0.0276461
12586.8021070802 0.6223543 0.0273950
12593.7424670615 0.6241804 0.0273392
12600.6828270428 0.6213904 0.0276503
12607.6231870242 0.6305100 0.0281840
12614.5635470055 0.6330679 0.0281657
12621.5039069868 0.6406557 0.0281968
12628.4442669681 0.6229132 0.0276362
12635.3846269494 0.6058854 0.0273961
12642.3249869307 0.5887082 0.0268168
12649.2653469121 0.5600829 0.0265064
12656.2057068934 0.5558936 0.0272202
12663.1460668747 0.5794518 0.0283914
12670.0864268560 0.5579636 0.0293031
12677.0267868373 0.5467136 0.0286847
12683.9671468186 0.5067114 0.0277109
12690.9075068000 0.4985900 0.0269541
12697.8478667813 0.5041946 0.0296018
12704.7882267626 0.5519729 0.0304112
12711.7285867439 0.6227357 0.0310477
12718.6689467252 0.6503064 0.0293068
12725.6093067066 0.6340932 0.0290005
12732.5496666879 0.6040271 0.0296050
12739.4900266692 0.6056114 0.0299644
12746.4303866505 0.6631489 0.0339614
12753.3707466318 0.6669736 0.0343811
12760.3111066131 0.6479346 0.0337652
12767.2514665945 0.6507975 0.0323015
12774.1918265758 0.6612950 0.0321771
12781.1321865571 0.6403014 0.0325383
12788.0725465384 0.6659018 0.0311051
12795.0129065197 0.6651443 0.0303221
12801.9532665010 0.6905054 0.0302456
12808.8936264824 0.6889825 0.0293851
12815.8339864637 0.7125500 0.0291647
12822.7743464450 0.7088793 0.0288972
12829.7147064263 0.6987743 0.0290057
12836.6550664076 0.6712318 0.0288148
12843.5954263889 0.6288389 0.0281368
12850.5357863703 0.6268207 0.0277774
12857.4761463516 0.6260593 0.0278597
12864.4165063329 0.6290864 0.0284229
12871.3568663142 0.6040979 0.0284283
12878.2972262955 0.5897868 0.0283994
12885.2375862768 0.5783757 0.0280564
12892.1779462582 0.5907479 0.0279605
12899.1183062395 0.5939132 0.0288107
12906.0586662208 0.5727279 0.0292054
12912.9990262021 0.5485393 0.0307080
12919.9393861834 0.5326443 0.0309749
12926.8797461648 0.5547157 0.0305910
12933.8201061461 0.5806182 0.0294213
12940.7604661274 0.6078986 0.0283307
12947.7008261087 0.6060829 0.0280487
12954.6411860900 0.6028779 0.0280869
12961.5815460713 0.6165500 0.0288439
12968.5219060527 0.6126761 0.0290426
12975.4622660340 0.6273914 0.0292105
12982.4026260153 0.6210268 0.0288364
12989.3429859966 0.6311064 0.0290262
12996.2833459779 0.6367311 0.0285999
13003.2237059592 0.6077861 0.0275388
13010.1640659406 0.6039893 0.0272324
13017.1044259219 0.5825111 0.0269150
13024.0447859032 0.5919814 0.0271590
13030.9851458845 0.5697925 0.0268520
13037.9255058658 0.5660179 0.0272120
13044.8658658472 0.5888964 0.0276258
13051.8062258285 0.5958057 0.0278144
13058.7465858098 0.5921396 0.0276147
13065.6869457911 0.5814046 0.0279143
13072.6273057724 0.5928089 0.0277719
13079.5676657537 0.6011104 0.0275886
13086.5080257351 0.6135325 0.0276420
13093.4483857164 0.6192314 0.0279461
13100.3887456977 0.6057432 0.0282936
13107.3291056790 0.5982296 0.0280091
13114.2694656603 0.6158475 0.0292866
13121.2098256416 0.6120704 0.0289825
13128.1501856230 0.6038214 0.0282290
13135.0905456043 0.5839218 0.0264904
13142.0309055856 0.5967336 0.0262628
13148.9712655669 0.5813829 0.0268615
13155.9116255482 0.6164064 0.0286032
13162.8519855295 0.6234246 0.0287438
13169.7923455109 0.6470357 0.0290580
13176.7327054922 0.6307057 0.0286561
13183.6730654735 0.6280432 0.0286157
13190.6134254548 0.5916054 0.0273058
13197.5537854361 0.5715025 0.0260719
13204.4941454175 0.5851329 0.0265674
13211.4345053988 0.6141971 0.0276560
13218.3748653801 0.5898432 0.0271977
13225.3152253614 0.5106154 0.0270166
13232.2555853427 0.4999446 0.0275033
13239.1959453240 0.5413846 0.0294551
13246.1363053054 0.6002154 0.0298450
13253.0766652867 0.6102061 0.0288668
13260.0170252680 0.5773196 0.0266341
13266.9573852493 0.5517593 0.0256387
13273.8977452306 0.5315796 0.0258925
13280.8381052119 0.5242843 0.0258840
13287.7784651933 0.5357518 0.0254540
13294.7188251746 0.5288143 0.0254482
13301.6591851559 0.5102764 0.0262465
13308.5995451372 0.4614654 0.0253850
13315.5399051185 0.4137646 0.0228051
13322.4802650999 0.3901168 0.0215209
13329.4206250812 0.3744246 0.0214708
13336.3609850625 0.3901571 0.0219640
13343.3013450438 0.3810139 0.0219968
13350.2417050251 0.3578607 0.0213920
13357.1820650064 0.3349846 0.0207763
13364.1224249878 0.2929967 0.0188138
13371.0627849691 0.3200207 0.0183717
13378.0031449504 0.3431664 0.0200750
13384.9435049317 0.3647936 0.0229747
13391.8838649130 0.3767832 0.0243587
13398.8242248943 0.3283445 0.0233438
13405.7645848757 0.3456284 0.0215092
13412.7049448570 0.3372391 0.0203984
13419.6453048383 0.3486563 0.0207794
13426.5856648196 0.3721493 0.0210373
13433.5260248009 0.3425412 0.0200233
13440.4663847822 0.3556880 0.0190819
13447.4067447636 0.3172632 0.0182018
13454.3471047449 0.3090421 0.0183543
13461.2874647262 0.3658311 0.0178250
13468.2278247075 0.3822604 0.0179670
13475.1681846888 0.4177121 0.0186969
13482.1085446701 0.3819039 0.0183817
13489.0489046515 0.3988875 0.0180573
13495.9892646328 0.3363971 0.0165873
13502.9296246141 0.2566402 0.0156080
13509.8699845954 0.2133380 0.0144021
13516.8103445767 0.2626126 0.0138869
13523.7507045581 0.3293085 0.0134218
13530.6910645394 0.3150587 0.0130059
13537.6314245207 0.3184841 0.0123117

14196.9656227458 0.1805762 0.0191379
14203.9059827272 0.2900491 0.0168750
14210.8463427085 0.4323732 0.0173710
14217.7867026898 0.4958939 0.0175668
14224.7270626711 0.4753021 0.0174238
14231.6674226524 0.4094546 0.0181307
14238.6077826337 0.3911354 0.0197151
14245.5481426151 0.4228864 0.0206221
14252.4885025964 0.3912446 0.0193126
14259.4288625777 0.3337036 0.0179240
14266.3692225590 0.2995451 0.0163526
14273.3095825403 0.2717857 0.0154633
14280.2499425217 0.2102727 0.0139818
14287.1903025030 0.2186134 0.0148166
14294.1306624843 0.3314402 0.0167639
14301.0710224656 0.4583971 0.0178991
14308.0113824469 0.4340093 0.0169796
14314.9517424282 0.3333860 0.0165781
14321.8921024096 0.2680594 0.0171731
14328.8324623909 0.3214068 0.0183438
14335.7728223722 0.3392979 0.0175188
14342.7131823535 0.3614025 0.0170113
14349.6535423348 0.3140653 0.0172224
14356.5939023161 0.3368523 0.0182519
14363.5342622975 0.3215398 0.0182702
14370.4746222788 0.3849589 0.0191917
14377.4149822601 0.4103071 0.0193555
14384.3553422414 0.4177654 0.0195361
14391.2957022227 0.3843689 0.0182761
14398.2360622041 0.3518675 0.0172082
14405.1764221854 0.3234719 0.0173064
14412.1167821667 0.2789942 0.0170643
14419.0571421480 0.2360476 0.0173758
14425.9975021293 0.2517836 0.0191456
14432.9378621106 0.3567972 0.0207608
14439.8782220920 0.4514404 0.0203878
14446.8185820733 0.4416089 0.0181121
14453.7589420546 0.3365498 0.0162917
14460.6993020359 0.2760415 0.0172734
14467.6396620172 0.3108803 0.0202887
14474.5800219985 0.3827250 0.0220006
14481.5203819799 0.4590071 0.0219939
14488.4607419612 0.5441761 0.0199539
14495.4011019425 0.4978071 0.0190570
14502.3414619238 0.4704082 0.0202195
14509.2818219051 0.4053175 0.0208933
14516.2221818864 0.4416418 0.0226314
14523.1625418678 0.3819089 0.0231771
14530.1029018491 0.3501830 0.0229994
14537.0432618304 0.4034471 0.0233241
14543.9836218117 0.4260443 0.0236225
14550.9239817930 0.4316104 0.0253577
14557.8643417744 0.3857846 0.0263463
14564.8047017557 0.4011346 0.0257810
14571.7450617370 0.4362854 0.0249312
14578.6854217183 0.4905789 0.0244794
14585.6257816996 0.5589429 0.0246692
14592.5661416809 0.5456536 0.0239033
14599.5065016623 0.4837536 0.0224269
14606.4468616436 0.4274421 0.0214849
14613.3872216249 0.3831075 0.0204077
14620.3275816062 0.3677564 0.0197608
14627.2679415875 0.3611107 0.0197176
14634.2083015688 0.4305811 0.0211569
14641.1486615502 0.4908964 0.0220937
14648.0890215315 0.5023418 0.0219650
14655.0293815128 0.4812064 0.0213919
14661.9697414941 0.4071671 0.0203551
14668.9101014754 0.4183518 0.0213122
14675.8504614567 0.4476339 0.0217343
14682.7908214381 0.4651839 0.0216729
14689.7311814194 0.4351264 0.0197905
14696.6715414007 0.3993789 0.0188847
14703.6119013820 0.4125961 0.0188334
14710.5522613633 0.4410889 0.0197981
14717.4926213446 0.4586968 0.0214195
14724.4329813260 0.4506875 0.0223308
14731.3733413073 0.4331500 0.0223198
14738.3137012886 0.4590843 0.0221877
14745.2540612699 0.5052086 0.0230168
14752.1944212512 0.5198850 0.0235543
14759.1347812326 0.5079632 0.0229134
14766.0751412139 0.5135282 0.0226171
14773.0155011952 0.5614189 0.0233216
14779.9558611765 0.5740221 0.0239692
14786.8962211578 0.5535561 0.0239790
14793.8365811391 0.5134171 0.0239635
14800.7769411205 0.4714268 0.0233682
14807.7173011018 0.4559089 0.0239173
14814.6576610831 0.4427025 0.0243577
14821.5980210644 0.4651400 0.0248720
14828.5383810457 0.5087207 0.0245116
14835.4787410270 0.5278654 0.0239399
14842.4191010084 0.5221886 0.0240606
14849.3594609897 0.4884139 0.0236857
14856.2998209710 0.5215718 0.0238098
14863.2401809523 0.5585575 0.0247643
14870.1805409336 0.5392739 0.0256081
14877.1209009149 0.4698025 0.0250741
14884.0612608963 0.4013689 0.0244858
14891.0016208776 0.4111136 0.0246808
14897.9419808589 0.4697279 0.0254332
14904.8823408402 0.5342464 0.0258067
14911.8227008215 0.5463900 0.0253622
14918.7630608029 0.4978214 0.0247930
14925.7034207842 0.4705336 0.0246078
14932.6437807655 0.4870300 0.0247555
14939.5841407468 0.5185146 0.0251306
14946.5245007281 0.5318736 0.0253940
14953.4648607094 0.5220179 0.0257545
14960.4052206908 0.5282686 0.0261656
14967.3455806721 0.5446496 0.0262306
14974.2859406534 0.5729936 0.0262665
14981.2263006347 0.5869161 0.0266585
14988.1666606160 0.5801954 0.0269033
14995.1070205973 0.5711675 0.0273588
15002.0473805787 0.5740636 0.0275274
15008.9877405600 0.5672393 0.0271164
15015.9281005413 0.5622864 0.0263596
15022.8684605226 0.5528743 0.0256868
15029.8088205039 0.5320882 0.0250823
15036.7491804853 0.5455450 0.0262451
15043.6895404666 0.6004450 0.0282721
15050.6299004479 0.6546207 0.0311563
15057.5702604292 0.6740586 0.0325747
15064.5106204105 0.6511511 0.0322294
15071.4509803918 0.6107082 0.0310826
15078.3913403732 0.5701875 0.0288411
15085.3317003545 0.5363054 0.0277505
15092.2720603358 0.5592146 0.0275163
15099.2124203171 0.5840443 0.0279825
15106.1527802984 0.6061329 0.0284681
15113.0931402797 0.6107550 0.0284295
15120.0335002611 0.6037721 0.0281567
15126.9738602424 0.5794446 0.0276215
15133.9142202237 0.5891721 0.0278345
15140.8545802050 0.6119475 0.0287110
15147.7949401863 0.6455618 0.0292631
15154.7353001676 0.6267914 0.0287047
15161.6756601490 0.5971879 0.0277408
15168.6160201303 0.5737950 0.0289506
15175.5563801116 0.5633821 0.0297816
15182.4967400929 0.5800643 0.0300304
15189.4371000742 0.6069954 0.0291379
15196.3774600555 0.6290918 0.0288488
15203.3178200369 0.6398043 0.0293313
15210.2581800182 0.6464925 0.0293853
15217.1985399995 0.6522746 0.0293900
15224.1388999808 0.6408575 0.0298426
15231.0792599621 0.6194882 0.0302812
15238.0196199435 0.6193871 0.0299944
15244.9599799248 0.6344314 0.0295193
15251.9003399061 0.6475275 0.0289350
15258.8406998874 0.6405350 0.0295958
15265.7810598687 0.6232293 0.0295784
15272.7214198500 0.6399432 0.0299142
15279.6617798314 0.6619175 0.0301316
15286.6021398127 0.6612021 0.0300480
15293.5424997940 0.6565239 0.0298000
15300.4828597753 0.6726964 0.0308466
15307.4232197566 0.7119214 0.0316778
15314.3635797380 0.7104836 0.0313872
15321.3039397193 0.6907571 0.0299591
15328.2442997006 0.6957346 0.0310271
15335.1846596819 0.7233143 0.0330244
15342.1250196632 0.7672075 0.0343743
15349.0653796445 0.7733214 0.0337395
15356.0057396258 0.7321750 0.0317379
15362.9460996072 0.6806207 0.0302372
15369.8864595885 0.6416732 0.0292473
15376.8268195698 0.6576779 0.0296016
15383.7671795511 0.6917011 0.0301470
15390.7075395324 0.7148129 0.0305023
15397.6478995138 0.7252396 0.0307530
15404.5882594951 0.7005646 0.0306847
15411.5286194764 0.7106896 0.0309768
15418.4689794577 0.6951032 0.0306624
15425.4093394390 0.6910461 0.0307385
15432.3496994203 0.6848764 0.0304803
15439.2900594017 0.6858868 0.0323072
15446.2304193830 0.7084007 0.0334783
15453.1707793643 0.7348479 0.0338121
15460.1111393456 0.7590307 0.0331991
15467.0514993269 0.7521589 0.0324050
15473.9918593082 0.7410850 0.0320465
15480.9322192896 0.7632607 0.0316037
15487.8725792709 0.7771257 0.0313109
15494.8129392522 0.7559779 0.0311811
15501.7532992335 0.7394196 0.0310411
15508.6936592148 0.7568164 0.0314764
15515.6340191962 0.7964671 0.0322903
15522.5743791775 0.8195321 0.0324280
15535.4961146255 0.8103691 0.0164858
15545.6424270645 0.7797497 0.0161510
15555.7887395036 0.8329102 0.0160538
15565.9350519426 0.8361261 0.0157900
15576.0813643817 0.8371295 0.0158374
15586.2276768207 0.8416393 0.0159731
15596.3739892598 0.8470707 0.0161110
15606.5203016988 0.8384253 0.0160891
15616.6666141379 0.8273275 0.0159676
15626.8129265769 0.8222396 0.0159009
15636.9592390160 0.8367019 0.0158449
15647.1055514550 0.8477456 0.0159381
15657.2518638941 0.8718215 0.0161092
15667.3981763331 0.8581058 0.0161760
15677.5444887721 0.8626408 0.0163389
15687.6908012112 0.8468453 0.0163170
15697.8371136502 0.8545646 0.0163648
15707.9834260893 0.8567792 0.0162341
15718.1297385283 0.8484993 0.0161057
15728.2760509674 0.8531224 0.0160956
15738.4223634064 0.8468806 0.0160626
15748.5686758455 0.8553548 0.0161269
15758.7149882845 0.8635842 0.0161652
15768.8613007236 0.8632800 0.0162365
15779.0076131626 0.8754429 0.0163419
15789.1539256016 0.8793582 0.0163191
15799.3002380407 0.9287462 0.0164266
15809.4465504797 0.9482582 0.0170077
15819.5928629188 0.9365744 0.0177006
15829.7391753578 0.9161932 0.0183668
15839.8854877969 0.9080303 0.0196384
15850.0318002359 0.9228793 0.0194158
15860.1781126750 0.9455656 0.0188927
15870.3244251140 0.9546927 0.0171572
15880.4707375531 0.9376693 0.0168348
15890.6170499921 0.9274530 0.0167622
15900.7633624312 0.9194011 0.0167247
15910.9096748702 0.9187303 0.0168205
15921.0559873092 0.9417258 0.0171485
15931.2022997483 0.9168258 0.0174787
15941.3486121873 0.9413527 0.0178341
15951.4949246264 0.9302770 0.0179565
15961.6412370654 0.9513359 0.0178659
15971.7875495045 0.9606217 0.0176467
15981.9338619435 0.8949721 0.0173290
15992.0801743826 0.8895976 0.0171618
16002.2264868216 0.8874011 0.0170150
16012.3727992607 0.8970652 0.0174929
16022.5191116997 0.8997532 0.0182082
16032.6654241388 0.8756112 0.0184167
16042.8117365778 0.8821608 0.0182436
16052.9580490168 0.9888091 0.0176500
16063.1043614559 0.9930442 0.0176339
16073.2506738949 0.9680736 0.0177691
16083.3969863340 0.9907512 0.0179366
16093.5432987730 1.0015872 0.0179991
16103.6896112121 1.0182747 0.0183360
16113.8359236511 1.0081338 0.0194656
16123.9822360902 1.0364725 0.0206765
16134.1285485292 1.0385241 0.0204185
16144.2748609683 1.0408807 0.0191179
16154.4211734073 1.0194028 0.0178462
16164.5674858464 1.0310872 0.0175269
16174.7137982854 1.0298074 0.0176292
16184.8601107244 1.0293188 0.0176290
16195.0064231635 1.0133935 0.0176225
16205.1527356025 1.0175518 0.0176992
16215.2990480416 1.0112447 0.0178276
16225.4453604806 1.0017545 0.0178861
16235.5916729197 1.0125257 0.0183003
16245.7379853587 1.0383657 0.0184997
16255.8842977978 1.0807930 0.0185556
16266.0306102368 1.0933541 0.0181339
16276.1769226759 1.0849781 0.0178772
16286.3232351149 1.0769767 0.0178600
16296.4695475539 1.0611305 0.0177308
16306.6158599930 1.0684664 0.0177452
16316.7621724320 1.0706947 0.0179754
16326.9084848711 1.0982475 0.0186025
16337.0547973101 1.1207516 0.0190012
16347.2011097492 1.1365651 0.0193662
16357.3474221882 1.1124821 0.0190247
16367.4937346273 1.0929958 0.0187336
16377.6400470663 1.0708775 0.0182025
16387.7863595054 1.0639444 0.0181641
16397.9326719444 1.0491752 0.0181822
16408.0789843835 1.0464230 0.0181384
16418.2252968225 1.0522423 0.0180040
16428.3716092615 1.0459615 0.0179178
16438.5179217006 1.0482950 0.0180437
16448.6642341396 1.0817566 0.0183617
16458.8105465787 1.1180029 0.0184646
16468.9568590177 1.1289208 0.0186026
16479.1031714568 1.1252897 0.0187687
16489.2494838958 1.1167199 0.0188946
16499.3957963349 1.1072327 0.0188425
16509.5421087739 1.0810806 0.0189145
16519.6884212130 1.0823764 0.0189006
16529.8347336520 1.0817544 0.0188562
16539.9810460911 1.0802545 0.0184848
16550.1273585301 1.0949331 0.0186178
16560.2736709691 1.1088039 0.0187276
16570.4199834082 1.1278533 0.0187840
16580.5662958472 1.1160743 0.0186733
16590.7126082863 1.1153880 0.0185925
16600.8589207253 1.0974036 0.0185603
16611.0052331644 1.0902788 0.0185613
16621.1515456034 1.1006945 0.0187047
16631.2978580425 1.1135464 0.0188942
16641.4441704815 1.1085533 0.0189359
16651.5904829206 1.0986292 0.0188137
16661.7367953596 1.1033556 0.0189698
16671.8831077987 1.1339447 0.0195800
16682.0294202377 1.1806548 0.0202129
16692.1757326767 1.1804492 0.0208929
16702.3220451158 1.1484839 0.0207588
16712.4683575548 1.1149793 0.0202966
16722.6146699939 1.1329383 0.0195916
16732.7609824329 1.1728481 0.0193437
16742.9072948720 1.1597692 0.0193484
16753.0536073110 1.1540722 0.0193269
16763.1999197501 1.1588099 0.0193693
16773.3462321891 1.1697021 0.0192969
16783.4925446282 1.1708520 0.0193563
16793.6388570672 1.1927690 0.0213434
16803.7851695063 1.2181927 0.0226300
16813.9314819453 1.2275370 0.0226185
16824.0777943843 1.1913047 0.0204956
16834.2241068234 1.1943594 0.0194208
16844.3704192624 1.1942001 0.0194124
16854.5167317015 1.2066679 0.0195503
16864.6630441405 1.1792455 0.0194133
16874.8093565796 1.1837882 0.0195761
16884.9556690186 1.1721438 0.0200763
16895.1019814577 1.1914338 0.0201648
16905.2482938967 1.1616823 0.0200484
16915.3946063358 1.1531057 0.0197408
16925.5409187748 1.1470890 0.0201452
16935.6872312138 1.1677579 0.0200850
16945.8335436529 1.1680285 0.0200142
16955.9798560919 1.1405368 0.0197639
16966.1261685310 1.1196342 0.0197065
16976.2724809700 1.1088127 0.0194217
16986.4187934091 1.1233566 0.0203644
16996.5651058481 1.1371012 0.0212220
17006.7114182872 1.1636959 0.0213656
17016.8577307262 1.1694095 0.0203828
17027.0040431653 1.1544030 0.0195529
17037.1503556043 1.1322390 0.0194581
17047.2966680434 1.1189952 0.0193200
17057.4429804824 1.1289201 0.0193957
17067.5892929214 1.1267285 0.0195322
17077.7356053605 1.1186669 0.0195776
17087.8819177995 1.1184884 0.0197294
17098.0282302386 1.1082905 0.0195287
17108.1745426776 1.1119371 0.0194920
17118.3208551167 1.1224536 0.0194904
17128.4671675557 1.1478149 0.0198329
17138.6134799948 1.1483602 0.0197483
17148.7597924338 1.1201361 0.0194127
17158.9061048729 1.1030956 0.0192026
17169.0524173119 1.0862532 0.0191431
17179.1987297509 1.0712646 0.0189910
17189.3450421900 1.0455714 0.0187466
17199.4913546290 1.0468697 0.0187457
17209.6376670681 1.0628827 0.0187872
17219.7839795071 1.0553884 0.0186481
17229.9302919462 1.0426255 0.0185030
17240.0766043852 1.0318847 0.0185560
17250.2229168243 1.0472487 0.0188730
17260.3692292633 1.0535182 0.0191338
17270.5155417024 1.0269779 0.0188941
17280.6618541414 1.0153840 0.0187603
17290.8081665805 1.0084320 0.0187324
17300.9544790195 1.0254379 0.0188742
17311.1007914585 1.0048857 0.0187377
17321.2471038976 0.9870336 0.0185298
17331.3934163366 0.9909389 0.0186447
17341.5397287757 1.0126578 0.0186406
17351.6860412147 1.0363338 0.0186128
17361.8323536538 1.0497434 0.0185313
17371.9786660928 1.0510027 0.0185920
17382.1249785319 1.0206348 0.0184803
17392.2712909709 0.9675458 0.0180791
17402.4176034100 0.9496668 0.0177440
17412.5639158490 0.9577693 0.0176043
17422.7102282881 0.9698962 0.0177569
17432.8565407271 0.9688888 0.0180051
17443.0028531662 0.9505962 0.0179063
17453.1491656052 0.9457176 0.0178377
17463.2954780442 0.9672880 0.0177648
17473.4417904833 0.9753040 0.0179569
17483.5881029223 0.9637337 0.0184283
17493.7344153614 0.9026504 0.0188325
17503.8807278004 0.8976920 0.0188379
17514.0270402395 0.9112205 0.0183463
17524.1733526785 0.9237183 0.0176908
17534.3196651176 0.8924130 0.0172713
17544.4659775566 0.8634255 0.0170741
17554.6122899957 0.8502794 0.0170376
17564.7586024347 0.8590907 0.0173832
17574.9049148737 0.8748913 0.0175219
17585.0512273128 0.9006280 0.0176864
17595.1975397518 0.9246656 0.0176736
17605.3438521909 0.9213290 0.0175310
17615.4901646299 0.9096596 0.0174477
17625.6364770690 0.9247709 0.0178813
17635.7827895080 0.9410481 0.0178191
17645.9291019471 0.9150354 0.0176182
17656.0754143861 0.8389490 0.0168975
17666.2217268252 0.8068515 0.0169826
17676.3680392642 0.8176075 0.0170437
17686.5143517033 0.8627310 0.0172097
17696.6606641423 0.8620097 0.0171255
17706.8069765813 0.8648939 0.0169999
17716.9532890204 0.8616950 0.0166784
17727.0996014594 0.8606669 0.0164617
17737.2459138985 0.8270882 0.0160955
17747.3922263375 0.7931192 0.0157820
17757.5385387766 0.7904404 0.0156785
17767.6848512156 0.8164737 0.0158964
17777.8311636547 0.8432623 0.0163174
17787.9774760937 0.8399595 0.0164572
17798.1237885328 0.8256465 0.0162307
17808.2701009718 0.8223448 0.0158817
17818.4164134109 0.8620378 0.0157835
17828.5627258499 0.8753789 0.0155740
17838.7090382889 0.8494824 0.0151837
17848.8553507280 0.7822761 0.0147984
17859.0016631670 0.7657898 0.0149771
17869.1479756061 0.8208161 0.0158191
17879.2942880451 0.8723947 0.0164589
17889.4406004842 0.8724805 0.0162908
17899.5869129232 0.8260407 0.0153629
17909.7332253623 0.7894903 0.0145157
17919.8795378013 0.7785669 0.0142640
17930.0258502404 0.7722514 0.0143008
17940.1721626794 0.7364402 0.0146818
17950.3184751184 0.7115864 0.0148321

19553.4358404877 0.7229081 0.0111277
19563.5821529268 0.6975942 0.0112167
19573.7284653658 0.6496468 0.0116886
19583.8747778049 0.6850762 0.0122618
19594.0210902439 0.7084702 0.0126372
19604.1674026830 0.7845315 0.0130176
19614.3137151220 0.8246773 0.0130856
19624.4600275610 0.8164584 0.0130564
19634.6063400001 0.8109355 0.0134764
19644.7526524391 0.7976538 0.0138335
19654.8989648782 0.8211059 0.0141947
19665.0452773172 0.8055832 0.0139465
19675.1915897563 0.7901899 0.0143215
19685.3379021953 0.8040879 0.0147953
19695.4842146344 0.8191709 0.0153908
19705.6305270734 0.8152335 0.0152319
19715.7768395125 0.7782207 0.0150372
19725.9231519515 0.7500379 0.0150638
19736.0694643905 0.7214541 0.0152336
19746.2157768296 0.6871926 0.0152920
19756.3620892686 0.7088801 0.0154338
19766.5084017077 0.7813634 0.0162056
19776.6547141467 0.8095487 0.0165644
19786.8010265858 0.7824070 0.0163306
19796.9473390248 0.7301058 0.0157000
19807.0936514639 0.7281840 0.0156839
19817.2399639029 0.7453912 0.0160160
19827.3862763420 0.7713812 0.0163743
19837.5325887810 0.8030192 0.0164827
19847.6789012201 0.8174462 0.0164040
19857.8252136591 0.8213696 0.0162851
19867.9715260982 0.8132447 0.0161709
19878.1178385372 0.8025584 0.0159868
19888.2641509762 0.7761264 0.0159298
19898.4104634153 0.7771784 0.0162922
19908.5567758543 0.7869228 0.0166049
19918.7030882934 0.8106864 0.0168874
19928.8494007324 0.8520754 0.0169853
19938.9957131715 0.8864815 0.0169144
19949.1420256105 0.9019259 0.0164242
19959.2883380496 0.8753731 0.0153218
19969.4346504886 0.8635875 0.0142023
19979.5809629277 0.8546686 0.0129432
19989.7272753667 0.8700722 0.0122955
19999.8735878057 0.8163537 0.0115783
20010.0199002448 0.7757893 0.0111349
20020.1662126838 0.8231874 0.0109448
20030.3125251229 0.8654036 0.0108874
20040.4588375619 0.8861253 0.0116181
20050.6051500010 0.7720653 0.0120598
20060.7514624400 0.7338568 0.0124850
20070.8977748791 0.7428375 0.0126007
20081.0440873181 0.7836678 0.0125788
20091.1903997572 0.8193086 0.0126761
20101.3367121962 0.8346508 0.0124574
20111.4830246352 0.8378702 0.0121800
20121.6293370743 0.8179150 0.0119852
20131.7756495133 0.7817178 0.0117407
20141.9219619524 0.7731459 0.0119124
20152.0682743914 0.7659898 0.0121667
20162.2145868305 0.7772909 0.0127582
20172.3608992695 0.7817524 0.0134711
20182.5072117086 0.7866109 0.0139586
20192.6535241476 0.8011775 0.0147465
20202.7998365867 0.7932481 0.0152221
20212.9461490257 0.8030234 0.0157487
20223.0924614648 0.8100282 0.0159640
20233.2387739038 0.8254448 0.0159756
20243.3850863428 0.8273469 0.0163122
20253.5313987819 0.8145332 0.0167973
20263.6777112209 0.8210728 0.0175132
20273.8240236600 0.8497189 0.0178132
20283.9703360990 0.8662761 0.0176234
20294.1166485381 0.8634635 0.0175528
20304.2629609771 0.8642976 0.0179557
20314.4092734162 0.8642315 0.0182837
20324.5555858552 0.8694450 0.0186757
20334.7018982943 0.8646669 0.0185480
20344.8482107333 0.8847429 0.0186363
20354.9945231724 0.9147150 0.0184995
20365.1408356114 0.9132475 0.0184656
20375.2871480504 0.8919432 0.0182068
20385.4334604895 0.8441909 0.0178209
20395.5797729285 0.8364158 0.0178745
20405.7260853676 0.8711302 0.0188250
20415.8723978066 0.9013655 0.0195356
20426.0187102457 0.9118416 0.0196156
20436.1650226847 0.8976269 0.0192146
20446.3113351238 0.9284652 0.0187256
20456.4576475628 0.9819952 0.0187132
20466.6039600019 1.0363521 0.0182721
20476.7502724409 1.0391418 0.0179967
20486.8965848800 1.0216623 0.0173493
20497.0428973190 0.9949308 0.0168333
20507.1892097580 0.9856691 0.0164334
20517.3355221971 0.9638887 0.0161067
20527.4818346361 0.9315638 0.0156194
20537.6281470752 0.9183810 0.0156785
20547.7744595142 0.9320288 0.0165610
20557.9207719533 0.9796682 0.0173568
20568.0670843923 1.0121150 0.0179665
20578.2133968314 1.0049610 0.0178044
20588.3597092704 0.9798171 0.0177833
20598.5060217095 0.9674552 0.0177077
20608.6523341485 1.0114238 0.0186938
20618.7986465876 1.0201642 0.0190735
20628.9449590266 1.0078636 0.0190692
20639.0912714656 0.9700082 0.0178602
20649.2375839047 0.9577555 0.0176086
20659.3838963437 0.9722208 0.0175016
20669.5302087828 0.9960718 0.0176152
20679.6765212218 1.0223772 0.0177555
20689.8228336609 1.0169069 0.0178066
20699.9691460999 1.0312674 0.0182544
20710.1154585390 1.0573959 0.0194269
20720.2617709780 1.0615350 0.0204802
20730.4080834171 1.0322514 0.0209158
20740.5543958561 0.9893093 0.0200460
20750.7007082952 0.9712150 0.0195990
20760.8470207342 0.9647396 0.0193325
20770.9933331732 0.9988865 0.0197677
20781.1396456123 1.0351537 0.0198909
20791.2859580513 1.0703705 0.0201453
20801.4322704904 1.0787183 0.0199447
20811.5785829294 1.0961764 0.0199201
20821.7248953685 1.0906178 0.0199294
20831.8712078075 1.0969810 0.0218193
20842.0175202466 1.0802912 0.0224561
20852.1638326856 1.0670355 0.0222689
20862.3101451247 1.0355463 0.0204163
20872.4564575637 1.0551818 0.0198955
20882.6027700028 1.0764108 0.0203263
20892.7490824418 1.0758556 0.0208955
20902.8953948808 1.0650891 0.0212398
20913.0417073199 1.0533634 0.0210874
20923.1880197589 1.0735159 0.0207192
20933.3343321980 1.0796244 0.0204683
20943.4806446370 1.0875535 0.0205426
20953.6269570761 1.0910993 0.0205364
20963.7732695151 1.0877000 0.0205744
20973.9195819542 1.0938356 0.0205435
20984.0658943932 1.0932629 0.0205635
20994.2122068322 1.0927238 0.0207104
21004.3585192713 1.0953429 0.0208020
21014.5048317103 1.0999527 0.0209306
21024.6511441494 1.1031732 0.0210256
21034.7974565884 1.0889047 0.0210828
21044.9437690275 1.0759156 0.0207130
21055.0900814665 1.1267336 0.0231849
21065.2363939056 1.1823647 0.0265702
21075.3827063446 1.1725998 0.0265812
21085.5290187837 1.1152417 0.0242891
21095.6753312227 1.0734828 0.0213425
21105.8216436618 1.1126251 0.0218087
21115.9679561008 1.1466347 0.0217537
21126.1142685399 1.1598737 0.0214528
21136.2605809789 1.1451817 0.0214208
21146.4068934179 1.1466061 0.0212470
21156.5532058570 1.1264956 0.0210550
21166.6995182960 1.1176098 0.0210000
21176.8458307351 1.1082752 0.0211373
21186.9921431741 1.1283886 0.0213408
21197.1384556132 1.1428812 0.0214179
21207.2847680522 1.1573023 0.0216214
21217.4310804913 1.1791463 0.0217413
21227.5773929303 1.1812942 0.0219840
21237.7237053694 1.1692792 0.0223526
21247.8700178084 1.1648742 0.0224396
21258.0163302475 1.1881011 0.0223190
21268.1626426865 1.1843707 0.0217317
21278.3089551255 1.1666903 0.0218934
21288.4552675646 1.1254819 0.0217676
21298.6015800036 1.1262595 0.0216711
21308.7478924427 1.1321356 0.0214340
21318.8942048817 1.1645487 0.0217216
21329.0405173208 1.1695455 0.0218802
21339.1868297598 1.1936834 0.0221756
21349.3331421989 1.2065954 0.0226604
21359.4794546379 1.2019050 0.0230532
21369.6257670770 1.1823985 0.0229241
21379.7720795160 1.1705617 0.0224893
21389.9183919550 1.1626722 0.0221202
21400.0647043941 1.1523758 0.0218843
21410.2110168331 1.1463029 0.0217381
21420.3573292722 1.1775503 0.0220321
21430.5036417112 1.1858365 0.0220771
21440.6499541503 1.1887874 0.0220820
21450.7962665893 1.1719464 0.0219669
21460.9425790284 1.1621153 0.0220709
21471.0888914674 1.1527119 0.0224449
21481.2352039065 1.1388451 0.0225833
21491.3815163455 1.1570486 0.0226097
21501.5278287846 1.1798025 0.0223413
21511.6741412236 1.1964016 0.0222379
21521.8204536626 1.1810759 0.0223149
21531.9667661017 1.1545549 0.0223080
21542.1130785407 1.1471293 0.0223527
21552.2593909798 1.1396709 0.0227404
21562.4057034188 1.1568286 0.0233989
21572.5520158579 1.1782052 0.0234788
21582.6983282969 1.1874302 0.0228730
21592.8446407360 1.1833642 0.0223655
21602.9909531750 1.1669879 0.0223089
21613.1372656141 1.1640895 0.0224788
21623.2835780531 1.1651828 0.0226828
21633.4298904921 1.1693908 0.0229949
21643.5762029312 1.1825655 0.0231265
21653.7225153702 1.1895455 0.0226320
21663.8688278093 1.1912230 0.0218740
21674.0151402483 1.1974688 0.0218469
21684.1614526874 1.1879015 0.0223111
21694.3077651264 1.1791309 0.0225994
21704.4540775655 1.1655170 0.0230511
21714.6003900045 1.1622592 0.0229894
21724.7467024436 1.1517541 0.0230068
21734.8930148826 1.1436721 0.0225467
21745.0393273217 1.1664063 0.0222905
21755.1856397607 1.1788696 0.0222583
21765.3319521998 1.1831205 0.0221263
21775.4782646388 1.1568196 0.0219734
21785.6245770778 1.1341867 0.0220127
21795.7708895169 1.1140324 0.0231461
21805.9172019559 1.1078522 0.0242435
21816.0635143950 1.1464995 0.0243411
21826.2098268340 1.1756840 0.0230444
21836.3561392731 1.1695115 0.0219169
21846.5024517121 1.1351834 0.0222247
21856.6487641512 1.1114143 0.0222023
21866.7950765902 1.1051251 0.0221237
21876.9413890293 1.1256964 0.0217567
21887.0877014683 1.1568943 0.0221078
21897.2340139074 1.1781558 0.0226680
21907.3803263464 1.1520339 0.0224913
21917.5266387854 1.1287427 0.0222348
21927.6729512245 1.1050396 0.0223525
21937.8192636635 1.1342093 0.0230646
21947.9655761026 1.1202507 0.0230232
21958.1118885416 1.1101183 0.0227700
21968.2582009807 1.1058008 0.0225066
21978.4045134197 1.1275427 0.0235053
21988.5508258588 1.1515149 0.0234987
21998.6971382978 1.1379956 0.0227272
22008.8434507369 1.1260275 0.0220899
22018.9897631759 1.1111876 0.0218997
22029.1360756149 1.0937909 0.0219072
22039.2823880540 1.0956208 0.0214841
22049.4287004930 1.1096758 0.0212912
22059.5750129321 1.1075179 0.0214414
22069.7213253711 1.1054930 0.0219054
22079.8676378102 1.1253303 0.0224369
22090.0139502492 1.1328796 0.0221294
22100.1602626883 1.0977528 0.0229786
22110.3065751273 1.0418383 0.0243301
22120.4528875664 1.0540556 0.0244187
22130.5992000054 1.1259153 0.0240008
22140.7455124445 1.1527944 0.0234985
22150.8918248835 1.1420002 0.0242447
22161.0381373225 1.1263888 0.0234511
22171.1844497616 1.1225029 0.0225944
22181.3307622006 1.1381770 0.0237492
22191.4770746397 1.1414628 0.0248399
22201.6233870787 1.1292747 0.0239392
22211.7696995178 1.1208485 0.0223771
22221.9160119568 1.1212236 0.0217916
22232.0623243959 1.1688131 0.0222741
22242.2086368349 1.1839400 0.0223743
22252.3549492740 1.1528470 0.0217583
22262.5012617130 1.1343847 0.0220664
22272.6475741521 1.1267664 0.0222610
22282.7938865911 1.1149967 0.0235568
22292.9401990301 1.1178876 0.0241264
22303.0865114692 1.1053034 0.0237215
22313.2328239082 1.1141645 0.0225639
22323.3791363473 1.1072879 0.0217996
22333.5254487863 1.0877870 0.0217540
22343.6717612254 1.0809342 0.0219492
22353.8180736644 1.0752090 0.0219197
22363.9643861035 1.1116924 0.0220954
22374.1106985425 1.1378145 0.0220202
22384.2570109816 1.1408337 0.0224688
22394.4033234206 1.1318438 0.0227655
22404.5496358596 1.1328353 0.0226137
22414.6959482987 1.1048177 0.0223219
22424.8422607377 1.0674985 0.0233213
22434.9885731768 1.0227992 0.0248765
22445.1348856158 1.0297948 0.0250456
22455.2811980549 1.0317653 0.0235726
22465.4275104939 1.0435749 0.0219736
22475.5738229330 1.0627308 0.0216859
22485.7201353720 1.0802738 0.0219043
22495.8664478111 1.1045602 0.0230007
22506.0127602501 1.1238010 0.0239652
22516.1590726892 1.1257701 0.0238695
22526.3053851282 1.1005076 0.0229324
22536.4516975673 1.0895685 0.0220305
22546.5980100063 1.0906664 0.0228903
22556.7443224453 1.0958469 0.0245168
22566.8906348844 1.1165679 0.0254456
22577.0369473234 1.1320076 0.0247408
22587.1832597625 1.1394092 0.0231624
22597.3295722015 1.1074495 0.0227322
22607.4758846406 1.0961436 0.0234003
22617.6221970796 1.0582360 0.0234024
22627.7685095187 1.0354815 0.0228241
22637.9148219577 1.0255810 0.0225548
22648.0611343967 1.0607754 0.0226101
22658.2074468358 1.0811268 0.0231054
22668.3537592748 1.0864491 0.0229101
22678.5000717139 1.1191607 0.0243225
22688.6463841529 1.1085977 0.0243356
22698.7926965920 1.1143730 0.0242454
22708.9390090310 1.0793650 0.0234182
22719.0853214701 1.0654595 0.0237196
22729.2316339091 1.0369863 0.0242136
22739.3779463482 1.0142444 0.0234012
22749.5242587872 1.0053347 0.0222370
22759.6705712263 0.9939442 0.0229796
22769.8168836653 1.0102960 0.0238389
22779.9631961044 1.0637870 0.0243266
22790.1095085434 1.1154584 0.0231421
22800.2558209824 1.1333935 0.0228918
22810.4021334215 1.0793468 0.0235960
22820.5484458605 1.0183091 0.0242076
22830.6947582996 0.9886931 0.0249092
22840.8410707386 0.9938372 0.0247542
22850.9873831777 1.0174956 0.0241256
22861.1336956167 1.0413669 0.0236479
22871.2800080558 1.0771526 0.0233181
22881.4263204948 1.0964720 0.0232016
22891.5726329339 1.0844656 0.0225325
22901.7189453729 1.0527468 0.0223431
22911.8652578120 1.0184153 0.0224740
22922.0115702510 0.9914423 0.0219339
22932.1578826900 0.9551638 0.0216061
22942.3041951291 0.9122793 0.0213186
22952.4505075681 0.8774976 0.0210112
22962.5968200072 0.8597804 0.0207306
22972.7431324462 0.8280139 0.0212054
22982.8894448853 0.7838464 0.0226828
22993.0357573243 0.8002644 0.0229600
23003.1820697634 0.8347588 0.0226279
23013.3283822024 0.8907880 0.0221379
23023.4746946415 0.9201137 0.0226952
23033.6210070805 0.9337241 0.0222859
23043.7673195195 0.9460381 0.0218023
23053.9136319586 0.9200805 0.0224177
23064.0599443976 0.9086401 0.0227058
23074.2062568367 0.8901924 0.0228047
23084.3525692757 0.8933822 0.0230157
23094.4988817148 0.9163326 0.0247686
23104.6451941538 0.9296490 0.0251906
23114.7915065929 0.9495608 0.0240039
23124.9378190319 0.9408070 0.0223535
23135.0841314710 0.9398718 0.0219477
23145.2304439100 0.8992646 0.0216476
23155.3767563491 0.8717724 0.0215969
23165.5230687881 0.8461141 0.0216941
23175.6693812271 0.8425903 0.0214755
23185.8156936662 0.8847364 0.0220788
23195.9620061052 0.9074215 0.0219436
23206.1083185443 0.9067640 0.0215733
23216.2546309833 0.8633553 0.0206977
23226.4009434224 0.8433874 0.0205912
23236.5472558614 0.8304916 0.0209060
23246.6935683005 0.8028047 0.0222840
23256.8398807395 0.8026331 0.0236065
23266.9861931786 0.8140893 0.0232790
23277.1325056176 0.8506124 0.0228793
23287.2788180567 0.8731667 0.0230123
23297.4251304957 0.8690685 0.0230249
23307.5714429347 0.8814865 0.0218264
23317.7177553738 0.8900848 0.0203562
23327.8640678128 0.8773655 0.0209141
23338.0103802519 0.8107619 0.0212600
23348.1566926909 0.7777542 0.0215506
23358.3030051300 0.7962538 0.0227156
23368.4493175690 0.8435959 0.0223105
23378.5956300081 0.8027778 0.0226914
23388.7419424471 0.7250491 0.0221856
23398.8882548862 0.7387045 0.0221276
23409.0345673252 0.7821425 0.0212149
23419.1808797643 0.8523428 0.0205520
23429.3271922033 0.8655270 0.0208403
23439.4735046423 0.8965217 0.0220639
23449.6198170814 0.8961750 0.0222492
23459.7661295204 0.8858436 0.0226432
23469.9124419595 0.8433726 0.0256462
23480.0587543985 0.8770132 0.0270883
23490.2050668376 0.8572876 0.0265306
23500.3513792766 0.8538738 0.0220505
23510.4976917157 0.8417144 0.0224133
23520.6440041547 0.8839402 0.0236758
23530.7903165938 0.8970788 0.0240533
23540.9366290328 0.8782495 0.0217134
23551.0829414718 0.9049916 0.0215158
23561.2292539109 0.9246370 0.0232909
23571.3755663499 0.8972039 0.0241937
23581.5218787890 0.8138664 0.0228909
23591.6681912280 0.7702133 0.0224291
23601.8145036671 0.7732901 0.0234972
23611.9608161061 0.7713488 0.0244474
23622.1071285452 0.7987404 0.0241309
23632.2534409842 0.8398481 0.0240288
23642.3997534233 0.8617588 0.0254718
23652.5460658623 0.8481966 0.0255816
23662.6923783013 0.7953406 0.0234297
23672.8386907404 0.7541848 0.0207353
23682.9850031794 0.7032342 0.0190034
23693.1313156185 0.6424080 0.0189196
23703.2776280575 0.6377618 0.0188964
23713.4239404966 0.6537434 0.0191265
23723.5702529356 0.7193335 0.0197666
23733.7165653747 0.8182905 0.0212956
23743.8628778137 0.9009692 0.0228749
23754.0091902528 0.9838407 0.0236200
23764.1555026918 0.9122545 0.0253903
23774.3018151309 0.8737935 0.0245283
23784.4481275699 0.8106545 0.0247588
23794.5944400090 0.8462696 0.0220127
23804.7407524480 0.8612634 0.0216962
23814.8870648870 0.8499503 0.0213226
23825.0333773261 0.7995810 0.0208663
23835.1796897651 0.7525158 0.0203802
23845.3260022042 0.7424992 0.0196815
23855.4723146432 0.7571221 0.0195264
23865.6186270823 0.8127811 0.0199813
23875.7649395213 0.8385142 0.0194783
23885.9112519604 0.8557605 0.0198341
23896.0575643994 0.7643576 0.0199576
23906.2038768385 0.6866812 0.0205815
23916.3501892775 0.6631339 0.0203652
23926.4965017166 0.6992368 0.0202048
23936.6428141556 0.7800233 0.0208420
23946.7891265946 0.8029573 0.0213342
23956.9354390337 0.7917985 0.0211073
23967.0817514727 0.7913022 0.0205985
23977.2280639118 0.7817453 0.0205177
23987.3743763508 0.7744552 0.0201264
23997.5206887899 0.7398524 0.0190422
24007.6670012289 0.7214019 0.0184603
24017.8133136680 0.7542825 0.0188113
24027.9596261070 0.7794907 0.0204481
24038.1059385461 0.8454738 0.0237608
24048.2522509851 0.7935038 0.0250741
24058.3985634241 0.7654685 0.0241120
24068.5448758632 0.7061783 0.0219235
24078.6911883022 0.7630532 0.0216155
24088.8375007413 0.7772916 0.0226674
24098.9838131803 0.7813699 0.0216988
24109.1301256194 0.7771097 0.0208376
24119.2764380584 0.8265184 0.0198033
24129.4227504975 0.8714453 0.0214986
24139.5690629365 0.8678508 0.0214183
24149.7153753756 0.7815510 0.0218299
24159.8616878146 0.7072233 0.0205239
