# Time (Yr),Berkeley,Had,NOAA
1852.542 -0.9180 -0.8300 -0.7460
1852.625 -0.9080 -0.8200 -0.7390
1852.708 -0.9080 -0.8200 -0.7370
1852.792 -0.9050 -0.8170 -0.7350
1852.875 -0.8990 -0.8090 -0.7300
1852.958 -0.8950 -0.8060 -0.7260
1853.042 -0.8950 -0.8070 -0.7260
1853.125 -0.8970 -0.8100 -0.7280
1853.208 -0.8980 -0.8110 -0.7290
1853.292 -0.8990 -0.8100 -0.7290
1853.375 -0.8950 -0.8030 -0.7230
1853.458 -0.8930 -0.8040 -0.7210
1853.542 -0.8940 -0.8040 -0.7230
1853.625 -0.8910 -0.8020 -0.7170
1853.708 -0.8910 -0.8000 -0.7160
1853.792 -0.8890 -0.7940 -0.7140
1853.875 -0.8860 -0.7890 -0.7120
1853.958 -0.8850 -0.7910 -0.7110
1854.042 -0.8840 -0.7930 -0.7090
1854.125 -0.8860 -0.7950 -0.7120
1854.208 -0.8890 -0.7980 -0.7180
1854.292 -0.8940 -0.8040 -0.7230
1854.375 -0.9020 -0.8110 -0.7320
1854.458 -0.9070 -0.8180 -0.7340
1854.542 -0.9130 -0.8220 -0.7350
1854.625 -0.9170 -0.8240 -0.7370
1854.708 -0.9180 -0.8230 -0.7380
1854.792 -0.9170 -0.8210 -0.7340
1854.875 -0.9210 -0.8210 -0.7330
1854.958 -0.9300 -0.8310 -0.7380
1855.042 -0.9370 -0.8350 -0.7430
1855.125 -0.9460 -0.8420 -0.7470
1855.208 -0.9490 -0.8460 -0.7520
1855.292 -0.9520 -0.8520 -0.7560
1855.375 -0.9570 -0.8580 -0.7600
1855.458 -0.9590 -0.8630 -0.7630
1855.542 -0.9650 -0.8690 -0.7630
1855.625 -0.9640 -0.8700 -0.7630
1855.708 -0.9670 -0.8720 -0.7630
1855.792 -0.9670 -0.8750 -0.7610
1855.875 -0.9680 -0.8760 -0.7590
1855.958 -0.9720 -0.8810 -0.7640
1856.042 -0.9730 -0.8850 -0.7670
1856.125 -0.9790 -0.8900 -0.7720
1856.208 -0.9820 -0.8940 -0.7740
1856.292 -0.9830 -0.8940 -0.7770
1856.375 -0.9800 -0.8930 -0.7770
1856.458 -0.9750 -0.8920 -0.7770
1856.542 -0.9770 -0.8940 -0.7790
1856.625 -0.9750 -0.8940 -0.7770
1856.708 -0.9720 -0.8930 -0.7750
1856.792 -0.9720 -0.8950 -0.7750
1856.875 -0.9660 -0.8920 -0.7730
1856.958 -0.9620 -0.8890 -0.7710
1857.042 -0.9570 -0.8880 -0.7710
1857.125 -0.9590 -0.8910 -0.7730
1857.208 -0.9610 -0.8910 -0.7720
1857.292 -0.9660 -0.8940 -0.7740
1857.375 -0.9700 -0.8970 -0.7770
1857.458 -0.9700 -0.8950 -0.7790
1857.542 -0.9680 -0.8930 -0.7770
1857.625 -0.9710 -0.8970 -0.7780
1857.708 -0.9740 -0.9000 -0.7800
1857.792 -0.9800 -0.9070 -0.7830
1857.875 -0.9820 -0.9090 -0.7850
1857.958 -0.9810 -0.9090 -0.7880
1858.042 -0.9800 -0.9070 -0.7900
1858.125 -0.9790 -0.9050 -0.7910
1858.208 -0.9800 -0.9030 -0.7920
1858.292 -0.9780 -0.9000 -0.7950
1858.375 -0.9800 -0.9030 -0.8000
1858.458 -0.9830 -0.9060 -0.8030
1858.542 -0.9890 -0.9130 -0.8090
1858.625 -1.0050 -0.9280 -0.8230
1858.708 -1.0090 -0.9320 -0.8310
1858.792 -1.0120 -0.9330 -0.8340
1858.875 -1.0130 -0.9350 -0.8360
1858.958 -1.0160 -0.9410 -0.8390
1859.042 -1.0190 -0.9410 -0.8420
1859.125 -1.0200 -0.9420 -0.8430
1859.208 -1.0150 -0.9380 -0.8410
1859.292 -1.0110 -0.9360 -0.8390
1859.375 -1.0080 -0.9370 -0.8370
1859.458 -1.0020 -0.9350 -0.8360
1859.542 -1.0010 -0.9340 -0.8380
1859.625 -1.0070 -0.9390 -0.8430
1859.708 -1.0100 -0.9440 -0.8450
1859.792 -1.0090 -0.9450 -0.8480
1859.875 -1.0050 -0.9440 -0.8510
1859.958 -0.9990 -0.9380 -0.8520
1860.042 -0.9950 -0.9380 -0.8530
1860.125 -0.9930 -0.9370 -0.8550
1860.208 -0.9940 -0.9390 -0.8570
1860.292 -0.9950 -0.9380 -0.8580
1860.375 -0.9940 -0.9380 -0.8610
1860.458 -0.9940 -0.9370 -0.8620
1860.542 -1.0040 -0.9480 -0.8700
1860.625 -1.0020 -0.9440 -0.8700
1860.708 -0.9970 -0.9410 -0.8710
1860.792 -0.9970 -0.9370 -0.8710
1860.875 -0.9970 -0.9350 -0.8710
1860.958 -0.9940 -0.9330 -0.8690
1861.042 -0.9950 -0.9330 -0.8690
1861.125 -0.9970 -0.9320 -0.8700
1861.208 -0.9980 -0.9320 -0.8710
1861.292 -1.0000 -0.9330 -0.8730
1861.375 -1.0040 -0.9370 -0.8760
1861.458 -1.0060 -0.9380 -0.8760
1861.542 -1.0040 -0.9390 -0.8760
1861.625 -1.0070 -0.9470 -0.8790
1861.708 -1.0090 -0.9510 -0.8820
1861.792 -1.0120 -0.9540 -0.8850
1861.875 -1.0180 -0.9610 -0.8880
1861.958 -1.0200 -0.9640 -0.8900
1862.042 -1.0200 -0.9610 -0.8900
1862.125 -1.0190 -0.9600 -0.8890
1862.208 -1.0200 -0.9610 -0.8920
1862.292 -1.0200 -0.9620 -0.8940
1862.375 -1.0220 -0.9680 -0.8970
1862.458 -1.0250 -0.9720 -0.8980
1862.542 -1.0300 -0.9770 -0.9050
1862.625 -1.0240 -0.9730 -0.9000
1862.708 -1.0250 -0.9730 -0.9010
1862.792 -1.0230 -0.9720 -0.9010
1862.875 -1.0250 -0.9750 -0.9020
1862.958 -1.0260 -0.9750 -0.9010
1863.042 -1.0270 -0.9740 -0.8990
1863.125 -1.0250 -0.9750 -0.8950
1863.208 -1.0250 -0.9770 -0.8920
1863.292 -1.0230 -0.9770 -0.8880
1863.375 -1.0210 -0.9760 -0.8840
1863.458 -1.0160 -0.9720 -0.8800
1863.542 -1.0110 -0.9660 -0.8730
1863.625 -0.9940 -0.9520 -0.8620
1863.708 -0.9910 -0.9490 -0.8540
1863.792 -0.9900 -0.9540 -0.8510
1863.875 -0.9920 -0.9550 -0.8490
1863.958 -0.9900 -0.9550 -0.8450
1864.042 -0.9890 -0.9520 -0.8430
1864.125 -0.9820 -0.9480 -0.8400
1864.208 -0.9820 -0.9520 -0.8400
1864.292 -0.9820 -0.9530 -0.8400
1864.375 -0.9790 -0.9530 -0.8380
1864.458 -0.9750 -0.9500 -0.8380
1864.542 -0.9690 -0.9510 -0.8340
1864.625 -0.9570 -0.9440 -0.8290
1864.708 -0.9510 -0.9390 -0.8260
1864.792 -0.9470 -0.9410 -0.8240
1864.875 -0.9420 -0.9390 -0.8240
1864.958 -0.9450 -0.9440 -0.8230
1865.042 -0.9440 -0.9450 -0.8210
1865.125 -0.9420 -0.9430 -0.8190
1865.208 -0.9380 -0.9410 -0.8140
1865.292 -0.9330 -0.9370 -0.8100
1865.375 -0.9260 -0.9320 -0.8050
1865.458 -0.9140 -0.9240 -0.8030
1865.542 -0.9030 -0.9160 -0.7980
1865.625 -0.9100 -0.9260 -0.8020
1865.708 -0.9180 -0.9330 -0.8020
1865.792 -0.9180 -0.9330 -0.8000
1865.875 -0.9160 -0.9340 -0.8010
1865.958 -0.9130 -0.9320 -0.7980
1866.042 -0.9090 -0.9310 -0.7960
1866.125 -0.9020 -0.9270 -0.7930
1866.208 -0.8970 -0.9250 -0.7890
1866.292 -0.8920 -0.9250 -0.7850
1866.375 -0.8840 -0.9210 -0.7810
1866.458 -0.8830 -0.9200 -0.7820
1866.542 -0.8800 -0.9170 -0.7790
1866.625 -0.8760 -0.9080 -0.7730
1866.708 -0.8710 -0.8960 -0.7670
1866.792 -0.8710 -0.8990 -0.7640
1866.875 -0.8680 -0.8960 -0.7630
1866.958 -0.8690 -0.8960 -0.7620
1867.042 -0.8710 -0.9000 -0.7610
1867.125 -0.8710 -0.9020 -0.7610
1867.208 -0.8690 -0.9000 -0.7600
1867.292 -0.8630 -0.8950 -0.7570
1867.375 -0.8600 -0.8900 -0.7550
1867.458 -0.8570 -0.8860 -0.7520
1867.542 -0.8570 -0.8850 -0.7480
1867.625 -0.8620 -0.8860 -0.7520
1867.708 -0.8640 -0.8860 -0.7530
1867.792 -0.8610 -0.8830 -0.7510
1867.875 -0.8590 -0.8800 -0.7500
1867.958 -0.8580 -0.8790 -0.7480
1868.042 -0.8550 -0.8800 -0.7470
1868.125 -0.8540 -0.8770 -0.7470
1868.208 -0.8560 -0.8780 -0.7480
1868.292 -0.8560 -0.8790 -0.7490
1868.375 -0.8580 -0.8820 -0.7520
1868.458 -0.8600 -0.8810 -0.7550
1868.542 -0.8600 -0.8840 -0.7600
1868.625 -0.8700 -0.8910 -0.7660
1868.708 -0.8720 -0.8950 -0.7710
1868.792 -0.8680 -0.8860 -0.7690
1868.875 -0.8600 -0.8820 -0.7660
1868.958 -0.8580 -0.8780 -0.7640
1869.042 -0.8570 -0.8810 -0.7620
1869.125 -0.8620 -0.8820 -0.7620
1869.208 -0.8620 -0.8840 -0.7600
1869.292 -0.8630 -0.8840 -0.7610
1869.375 -0.8630 -0.8820 -0.7630
1869.458 -0.8710 -0.8850 -0.7650
1869.542 -0.8780 -0.8870 -0.7680
1869.625 -0.8820 -0.8890 -0.7700
1869.708 -0.8830 -0.8940 -0.7690
1869.792 -0.8830 -0.8910 -0.7670
1869.875 -0.8860 -0.8900 -0.7650
1869.958 -0.8810 -0.8820 -0.7620
1870.042 -0.8820 -0.8810 -0.7620
1870.125 -0.8800 -0.8790 -0.7600
1870.208 -0.8760 -0.8740 -0.7590
1870.292 -0.8770 -0.8740 -0.7610
1870.375 -0.8800 -0.8760 -0.7620
1870.458 -0.8900 -0.8780 -0.7650
1870.542 -0.8940 -0.8790 -0.7670
1870.625 -0.8900 -0.8720 -0.7640
1870.708 -0.8810 -0.8660 -0.7640
1870.792 -0.8800 -0.8670 -0.7690
1870.875 -0.8840 -0.8690 -0.7720
1870.958 -0.8880 -0.8710 -0.7740
1871.042 -0.8890 -0.8710 -0.7750
1871.125 -0.8930 -0.8730 -0.7750
1871.208 -0.8940 -0.8740 -0.7750
1871.292 -0.8960 -0.8750 -0.7760
1871.375 -0.9000 -0.8770 -0.7770
1871.458 -0.9000 -0.8780 -0.7750
1871.542 -0.9020 -0.8790 -0.7780
1871.625 -0.9020 -0.8760 -0.7820
1871.708 -0.9050 -0.8850 -0.7870
1871.792 -0.9090 -0.8860 -0.7930
1871.875 -0.9110 -0.8860 -0.7950
1871.958 -0.9120 -0.8870 -0.8000
1872.042 -0.9140 -0.8900 -0.8020
1872.125 -0.9140 -0.8870 -0.8040
1872.208 -0.9140 -0.8890 -0.8050
1872.292 -0.9140 -0.8890 -0.8050
1872.375 -0.9170 -0.8920 -0.8040
1872.458 -0.9210 -0.8940 -0.8100
1872.542 -0.9200 -0.8900 -0.8110
1872.625 -0.9220 -0.8970 -0.8100
1872.708 -0.9210 -0.8970 -0.8090
1872.792 -0.9230 -0.8990 -0.8100
1872.875 -0.9250 -0.9000 -0.8100
1872.958 -0.9250 -0.8990 -0.8110
1873.042 -0.9280 -0.9000 -0.8120
1873.125 -0.9290 -0.9020 -0.8140
1873.208 -0.9290 -0.9020 -0.8160
1873.292 -0.9290 -0.9020 -0.8180
1873.375 -0.9260 -0.8990 -0.8170
1873.458 -0.9280 -0.9030 -0.8200
1873.542 -0.9270 -0.9020 -0.8220
1873.625 -0.9250 -0.9010 -0.8200
1873.708 -0.9200 -0.8960 -0.8210
1873.792 -0.9210 -0.8990 -0.8240
1873.875 -0.9250 -0.9020 -0.8290
1873.958 -0.9290 -0.9060 -0.8350
1874.042 -0.9310 -0.9070 -0.8370
1874.125 -0.9310 -0.9090 -0.8390
1874.208 -0.9320 -0.9090 -0.8410
1874.292 -0.9320 -0.9090 -0.8400
1874.375 -0.9310 -0.9080 -0.8380
1874.458 -0.9310 -0.9110 -0.8380
1874.542 -0.9330 -0.9130 -0.8390
1874.625 -0.9290 -0.9110 -0.8360
1874.708 -0.9250 -0.9040 -0.8330
1874.792 -0.9180 -0.8970 -0.8280
1874.875 -0.9140 -0.8960 -0.8240
1874.958 -0.9120 -0.9010 -0.8200
1875.042 -0.9080 -0.8980 -0.8170
1875.125 -0.9040 -0.8960 -0.8100
1875.208 -0.9000 -0.8920 -0.8070
1875.292 -0.8940 -0.8880 -0.8020
1875.375 -0.8870 -0.8820 -0.7940
1875.458 -0.8770 -0.8760 -0.7850
1875.542 -0.8700 -0.8680 -0.7770
1875.625 -0.8650 -0.8650 -0.7710
1875.708 -0.8570 -0.8570 -0.7640
1875.792 -0.8440 -0.8440 -0.7510
1875.875 -0.8320 -0.8330 -0.7410
1875.958 -0.8280 -0.8290 -0.7360
1876.042 -0.8230 -0.8220 -0.7310
1876.125 -0.8180 -0.8200 -0.7260
1876.208 -0.8150 -0.8170 -0.7240
1876.292 -0.8090 -0.8100 -0.7200
1876.375 -0.8050 -0.8060 -0.7190
1876.458 -0.8000 -0.8010 -0.7170
1876.542 -0.7980 -0.8010 -0.7140
1876.625 -0.7960 -0.8010 -0.7110
1876.708 -0.7950 -0.7980 -0.7100
1876.792 -0.7860 -0.7910 -0.7050
1876.875 -0.7840 -0.7910 -0.7020
1876.958 -0.7840 -0.7910 -0.6980
1877.042 -0.7810 -0.7860 -0.6970
1877.125 -0.7800 -0.7880 -0.6930
1877.208 -0.7800 -0.7870 -0.6920
1877.292 -0.7820 -0.7890 -0.6930
1877.375 -0.7770 -0.7830 -0.6930
1877.458 -0.7750 -0.7830 -0.6930
1877.542 -0.7770 -0.7870 -0.6970
1877.625 -0.7760 -0.7840 -0.7000
1877.708 -0.7780 -0.7830 -0.7030
1877.792 -0.7750 -0.7770 -0.7020
1877.875 -0.7740 -0.7760 -0.7000
1877.958 -0.7730 -0.7770 -0.6990
1878.042 -0.7740 -0.7790 -0.6990
1878.125 -0.7750 -0.7810 -0.7010
1878.208 -0.7740 -0.7780 -0.6990
1878.292 -0.7760 -0.7790 -0.6980
1878.375 -0.7790 -0.7820 -0.6980
1878.458 -0.7740 -0.7780 -0.6950
1878.542 -0.7700 -0.7740 -0.6890
1878.625 -0.7650 -0.7690 -0.6870
1878.708 -0.7640 -0.7670 -0.6820
1878.792 -0.7610 -0.7650 -0.6800
1878.875 -0.7560 -0.7590 -0.6750
1878.958 -0.7480 -0.7510 -0.6650
1879.042 -0.7480 -0.7520 -0.6660
1879.125 -0.7480 -0.7520 -0.6630
1879.208 -0.7450 -0.7490 -0.6610
1879.292 -0.7440 -0.7470 -0.6620
1879.375 -0.7430 -0.7460 -0.6640
1879.458 -0.7420 -0.7430 -0.6640
1879.542 -0.7360 -0.7360 -0.6600
1879.625 -0.7320 -0.7300 -0.6570
1879.708 -0.7310 -0.7280 -0.6570
1879.792 -0.7330 -0.7290 -0.6600
1879.875 -0.7360 -0.7290 -0.6630
1879.958 -0.7390 -0.7280 -0.6650
1880.042 -0.7440 -0.7320 -0.6700
1880.125 -0.7510 -0.7380 -0.6790
1880.208 -0.7580 -0.7460 -0.6830
1880.292 -0.7640 -0.7500 -0.6890
1880.375 -0.7730 -0.7590 -0.6980
1880.458 -0.7830 -0.7660 -0.7080
1880.542 -0.7920 -0.7760 -0.7150
1880.625 -0.7990 -0.7830 -0.7210
1880.708 -0.8120 -0.7940 -0.7290
1880.792 -0.8220 -0.8050 -0.7380
1880.875 -0.8320 -0.8160 -0.7440
1880.958 -0.8350 -0.8200 -0.7480
1881.042 -0.8390 -0.8240 -0.7510
1881.125 -0.8450 -0.8270 -0.7560
1881.208 -0.8520 -0.8310 -0.7610
1881.292 -0.8570 -0.8370 -0.7680
1881.375 -0.8610 -0.8400 -0.7710
1881.458 -0.8680 -0.8440 -0.7740
1881.542 -0.8710 -0.8450 -0.7780
1881.625 -0.8730 -0.8490 -0.7810
1881.708 -0.8730 -0.8500 -0.7810
1881.792 -0.8800 -0.8540 -0.7870
1881.875 -0.8840 -0.8560 -0.7910
1881.958 -0.8890 -0.8600 -0.7950
1882.042 -0.8940 -0.8640 -0.7980
1882.125 -0.8990 -0.8690 -0.8040
1882.208 -0.9040 -0.8720 -0.8060
1882.292 -0.9080 -0.8770 -0.8090
1882.375 -0.9140 -0.8820 -0.8120
1882.458 -0.9190 -0.8850 -0.8140
1882.542 -0.9190 -0.8840 -0.8100
1882.625 -0.9240 -0.8890 -0.8120
1882.708 -0.9230 -0.8900 -0.8100
1882.792 -0.9260 -0.8940 -0.8130
1882.875 -0.9280 -0.8990 -0.8190
1882.958 -0.9340 -0.9040 -0.8220
1883.042 -0.9380 -0.9080 -0.8260
1883.125 -0.9390 -0.9100 -0.8270
1883.208 -0.9430 -0.9150 -0.8290
1883.292 -0.9440 -0.9160 -0.8320
1883.375 -0.9430 -0.9150 -0.8320
1883.458 -0.9460 -0.9170 -0.8330
1883.542 -0.9460 -0.9150 -0.8320
1883.625 -0.9550 -0.9200 -0.8360
1883.708 -0.9610 -0.9240 -0.8390
1883.792 -0.9690 -0.9280 -0.8460
1883.875 -0.9750 -0.9330 -0.8510
1883.958 -0.9790 -0.9360 -0.8570
1884.042 -0.9810 -0.9380 -0.8590
1884.125 -0.9840 -0.9390 -0.8620
1884.208 -0.9890 -0.9450 -0.8640
1884.292 -0.9920 -0.9460 -0.8660
1884.375 -0.9950 -0.9490 -0.8660
1884.458 -0.9980 -0.9510 -0.8670
1884.542 -1.0010 -0.9530 -0.8710
1884.625 -1.0180 -0.9650 -0.8830
1884.708 -1.0290 -0.9740 -0.8890
1884.792 -1.0350 -0.9780 -0.8940
1884.875 -1.0370 -0.9810 -0.8960
1884.958 -1.0410 -0.9840 -0.9000
1885.042 -1.0430 -0.9860 -0.9010
1885.125 -1.0430 -0.9870 -0.9020
1885.208 -1.0490 -0.9900 -0.9040
1885.292 -1.0520 -0.9940 -0.9050
1885.375 -1.0530 -0.9950 -0.9060
1885.458 -1.0540 -0.9950 -0.9060
1885.542 -1.0510 -0.9920 -0.9080
1885.625 -1.0500 -0.9940 -0.9070
1885.708 -1.0520 -0.9960 -0.9060
1885.792 -1.0580 -1.0010 -0.9100
1885.875 -1.0590 -1.0000 -0.9110
1885.958 -1.0610 -1.0010 -0.9110
1886.042 -1.0640 -1.0030 -0.9130
1886.125 -1.0630 -1.0050 -0.9120
1886.208 -1.0620 -1.0050 -0.9100
1886.292 -1.0620 -1.0050 -0.9080
1886.375 -1.0590 -1.0020 -0.9010
1886.458 -1.0540 -1.0000 -0.8960
1886.542 -1.0510 -0.9980 -0.8910
1886.625 -1.0490 -0.9950 -0.8870
1886.708 -1.0420 -0.9900 -0.8810
1886.792 -1.0340 -0.9830 -0.8720
1886.875 -1.0240 -0.9760 -0.8650
1886.958 -1.0170 -0.9690 -0.8580
1887.042 -1.0120 -0.9640 -0.8540
1887.125 -1.0060 -0.9590 -0.8500
1887.208 -1.0030 -0.9560 -0.8470
1887.292 -1.0000 -0.9540 -0.8430
1887.375 -0.9970 -0.9520 -0.8400
1887.458 -0.9950 -0.9500 -0.8390
1887.542 -0.9930 -0.9480 -0.8420
1887.625 -0.9900 -0.9460 -0.8410
1887.708 -0.9890 -0.9440 -0.8420
1887.792 -0.9920 -0.9480 -0.8420
1887.875 -0.9910 -0.9450 -0.8410
1887.958 -0.9900 -0.9440 -0.8420
1888.042 -0.9880 -0.9420 -0.8400
1888.125 -0.9900 -0.9430 -0.8400
1888.208 -0.9900 -0.9440 -0.8420
1888.292 -0.9920 -0.9460 -0.8450
1888.375 -0.9920 -0.9470 -0.8450
1888.458 -0.9960 -0.9520 -0.8470
1888.542 -0.9990 -0.9550 -0.8520
1888.625 -0.9970 -0.9560 -0.8520
1888.708 -0.9960 -0.9580 -0.8540
1888.792 -0.9910 -0.9560 -0.8500
1888.875 -0.9900 -0.9570 -0.8490
1888.958 -0.9890 -0.9580 -0.8480
1889.042 -0.9880 -0.9560 -0.8450
1889.125 -0.9880 -0.9580 -0.8430
1889.208 -0.9860 -0.9560 -0.8430
1889.292 -0.9820 -0.9530 -0.8420
1889.375 -0.9800 -0.9520 -0.8400
1889.458 -0.9790 -0.9530 -0.8410
1889.542 -0.9740 -0.9500 -0.8400
1889.625 -0.9630 -0.9450 -0.8320
1889.708 -0.9550 -0.9390 -0.8260
1889.792 -0.9550 -0.9410 -0.8240
1889.875 -0.9560 -0.9420 -0.8230
1889.958 -0.9550 -0.9410 -0.8230
1890.042 -0.9520 -0.9400 -0.8230
1890.125 -0.9540 -0.9430 -0.8240
1890.208 -0.9520 -0.9440 -0.8240
1890.292 -0.9520 -0.9440 -0.8240
1890.375 -0.9500 -0.9440 -0.8230
1890.458 -0.9550 -0.9480 -0.8250
1890.542 -0.9570 -0.9530 -0.8240
1890.625 -0.9660 -0.9610 -0.8310
1890.708 -0.9670 -0.9650 -0.8340
1890.792 -0.9650 -0.9620 -0.8350
1890.875 -0.9650 -0.9650 -0.8360
1890.958 -0.9650 -0.9680 -0.8390
1891.042 -0.9650 -0.9700 -0.8410
1891.125 -0.9640 -0.9680 -0.8440
1891.208 -0.9630 -0.9680 -0.8470
1891.292 -0.9640 -0.9680 -0.8490
1891.375 -0.9670 -0.9710 -0.8550
1891.458 -0.9700 -0.9730 -0.8620
1891.542 -0.9750 -0.9770 -0.8700
1891.625 -0.9820 -0.9830 -0.8800
1891.708 -0.9920 -0.9890 -0.8910
1891.792 -0.9980 -0.9960 -0.8980
1891.875 -1.0070 -1.0040 -0.9060
1891.958 -1.0110 -1.0100 -0.9110
1892.042 -1.0150 -1.0160 -0.9180
1892.125 -1.0170 -1.0180 -0.9200
1892.208 -1.0170 -1.0180 -0.9210
1892.292 -1.0170 -1.0200 -0.9240
1892.375 -1.0160 -1.0200 -0.9270
1892.458 -1.0150 -1.0200 -0.9260
1892.542 -1.0150 -1.0230 -0.9260
1892.625 -1.0150 -1.0250 -0.9260
1892.708 -1.0160 -1.0280 -0.9260
1892.792 -1.0140 -1.0280 -0.9240
1892.875 -1.0120 -1.0270 -0.9210
1892.958 -1.0090 -1.0260 -0.9210
1893.042 -1.0060 -1.0250 -0.9200
1893.125 -1.0020 -1.0220 -0.9170
1893.208 -0.9990 -1.0210 -0.9130
1893.292 -0.9960 -1.0190 -0.9100
1893.375 -0.9950 -1.0180 -0.9090
1893.458 -0.9880 -1.0120 -0.9040
1893.542 -0.9860 -1.0110 -0.9020
1893.625 -0.9810 -1.0070 -0.9000
1893.708 -0.9760 -1.0030 -0.8950
1893.792 -0.9800 -1.0070 -0.8940
1893.875 -0.9820 -1.0080 -0.8950
1893.958 -0.9820 -1.0080 -0.8970
1894.042 -0.9780 -1.0060 -0.8960
1894.125 -0.9740 -1.0020 -0.8960
1894.208 -0.9710 -0.9990 -0.8930
1894.292 -0.9700 -0.9980 -0.8910
1894.375 -0.9650 -0.9940 -0.8870
1894.458 -0.9610 -0.9900 -0.8820
1894.542 -0.9610 -0.9880 -0.8800
1894.625 -0.9590 -0.9850 -0.8790
1894.708 -0.9610 -0.9860 -0.8810
1894.792 -0.9590 -0.9840 -0.8790
1894.875 -0.9520 -0.9770 -0.8740
1894.958 -0.9450 -0.9710 -0.8690
1895.042 -0.9430 -0.9660 -0.8670
1895.125 -0.9390 -0.9600 -0.8620
1895.208 -0.9350 -0.9540 -0.8580
1895.292 -0.9320 -0.9510 -0.8560
1895.375 -0.9310 -0.9470 -0.8550
1895.458 -0.9240 -0.9430 -0.8510
1895.542 -0.9200 -0.9370 -0.8470
1895.625 -0.9080 -0.9220 -0.8410
1895.708 -0.9070 -0.9170 -0.8380
1895.792 -0.9120 -0.9240 -0.8400
1895.875 -0.9130 -0.9270 -0.8400
1895.958 -0.9130 -0.9260 -0.8380
1896.042 -0.9130 -0.9250 -0.8370
1896.125 -0.9160 -0.9270 -0.8360
1896.208 -0.9170 -0.9290 -0.8340
1896.292 -0.9180 -0.9290 -0.8320
1896.375 -0.9230 -0.9320 -0.8330
1896.458 -0.9260 -0.9340 -0.8340
1896.542 -0.9260 -0.9340 -0.8320
1896.625 -0.9210 -0.9290 -0.8280
1896.708 -0.9220 -0.9310 -0.8260
1896.792 -0.9240 -0.9330 -0.8240
1896.875 -0.9200 -0.9310 -0.8210
1896.958 -0.9170 -0.9290 -0.8210
1897.042 -0.9150 -0.9270 -0.8180
1897.125 -0.9150 -0.9270 -0.8160
1897.208 -0.9140 -0.9250 -0.8140
1897.292 -0.9100 -0.9200 -0.8080
1897.375 -0.9080 -0.9170 -0.8050
1897.458 -0.9020 -0.9100 -0.8010
1897.542 -0.9010 -0.9080 -0.7970
1897.625 -0.9000 -0.9060 -0.7960
1897.708 -0.8930 -0.9000 -0.7900
1897.792 -0.8860 -0.8920 -0.7850
1897.875 -0.8830 -0.8880 -0.7840
1897.958 -0.8790 -0.8850 -0.7800
1898.042 -0.8770 -0.8820 -0.7770
1898.125 -0.8760 -0.8790 -0.7770
1898.208 -0.8750 -0.8760 -0.7770
1898.292 -0.8720 -0.8730 -0.7750
1898.375 -0.8670 -0.8680 -0.7710
1898.458 -0.8680 -0.8670 -0.7690
1898.542 -0.8670 -0.8650 -0.7650
1898.625 -0.8680 -0.8650 -0.7660
1898.708 -0.8650 -0.8630 -0.7650
1898.792 -0.8580 -0.8570 -0.7600
1898.875 -0.8520 -0.8500 -0.7540
1898.958 -0.8510 -0.8480 -0.7530
1899.042 -0.8530 -0.8480 -0.7530
1899.125 -0.8560 -0.8510 -0.7540
1899.208 -0.8570 -0.8510 -0.7550
1899.292 -0.8600 -0.8550 -0.7560
1899.375 -0.8640 -0.8580 -0.7620
1899.458 -0.8650 -0.8600 -0.7640
1899.542 -0.8680 -0.8660 -0.7650
1899.625 -0.8710 -0.8690 -0.7660
1899.708 -0.8680 -0.8670 -0.7640
1899.792 -0.8700 -0.8680 -0.7660
1899.875 -0.8740 -0.8730 -0.7710
1899.958 -0.8810 -0.8790 -0.7740
1900.042 -0.8840 -0.8830 -0.7750
1900.125 -0.8870 -0.8870 -0.7780
1900.208 -0.8890 -0.8910 -0.7810
1900.292 -0.8910 -0.8940 -0.7830
1900.375 -0.8950 -0.8990 -0.7840
1900.458 -0.8990 -0.9020 -0.7860
1900.542 -0.9030 -0.9030 -0.7910
1900.625 -0.9040 -0.9070 -0.7900
1900.708 -0.9000 -0.9020 -0.7890
1900.792 -0.8940 -0.8940 -0.7850
1900.875 -0.8960 -0.8930 -0.7860
1900.958 -0.8970 -0.8930 -0.7880
1901.042 -0.9020 -0.8960 -0.7900
1901.125 -0.9050 -0.8980 -0.7940
1901.208 -0.9080 -0.9020 -0.7990
1901.292 -0.9120 -0.9050 -0.8040
1901.375 -0.9130 -0.9080 -0.8070
1901.458 -0.9140 -0.9100 -0.8060
1901.542 -0.9160 -0.9140 -0.8110
1901.625 -0.9230 -0.9220 -0.8160
1901.708 -0.9260 -0.9250 -0.8190
1901.792 -0.9270 -0.9260 -0.8210
1901.875 -0.9320 -0.9300 -0.8260
1901.958 -0.9380 -0.9340 -0.8300
1902.042 -0.9410 -0.9350 -0.8340
1902.125 -0.9450 -0.9390 -0.8390
1902.208 -0.9510 -0.9430 -0.8460
1902.292 -0.9590 -0.9500 -0.8540
1902.375 -0.9660 -0.9570 -0.8580
1902.458 -0.9710 -0.9620 -0.8610
1902.542 -0.9720 -0.9630 -0.8650
1902.625 -0.9720 -0.9620 -0.8660
1902.708 -0.9810 -0.9700 -0.8740
1902.792 -0.9860 -0.9750 -0.8780
1902.875 -0.9910 -0.9810 -0.8810
1902.958 -0.9940 -0.9830 -0.8830
1903.042 -0.9970 -0.9860 -0.8850
1903.125 -1.0010 -0.9890 -0.8860
1903.208 -1.0030 -0.9900 -0.8890
1903.292 -1.0060 -0.9930 -0.8920
1903.375 -1.0120 -0.9980 -0.8980
1903.458 -1.0120 -0.9970 -0.9000
1903.542 -1.0140 -0.9980 -0.9040
1903.625 -1.0150 -0.9980 -0.9060
1903.708 -1.0180 -1.0000 -0.9070
1903.792 -1.0190 -1.0020 -0.9120
1903.875 -1.0200 -1.0010 -0.9130
1903.958 -1.0220 -1.0030 -0.9140
1904.042 -1.0220 -1.0030 -0.9140
1904.125 -1.0230 -1.0030 -0.9140
1904.208 -1.0250 -1.0040 -0.9160
1904.292 -1.0250 -1.0040 -0.9170
1904.375 -1.0230 -1.0040 -0.9140
1904.458 -1.0240 -1.0060 -0.9150
1904.542 -1.0230 -1.0030 -0.9150
1904.625 -1.0250 -1.0040 -0.9170
1904.708 -1.0320 -1.0110 -0.9240
1904.792 -1.0300 -1.0100 -0.9230
1904.875 -1.0300 -1.0110 -0.9250
1904.958 -1.0320 -1.0140 -0.9290
1905.042 -1.0340 -1.0160 -0.9320
1905.125 -1.0350 -1.0170 -0.9340
1905.208 -1.0360 -1.0180 -0.9350
1905.292 -1.0370 -1.0180 -0.9370
1905.375 -1.0340 -1.0150 -0.9360
1905.458 -1.0340 -1.0150 -0.9380
1905.542 -1.0340 -1.0150 -0.9390
1905.625 -1.0360 -1.0160 -0.9440
1905.708 -1.0380 -1.0190 -0.9440
1905.792 -1.0430 -1.0240 -0.9490
1905.875 -1.0430 -1.0240 -0.9500
1905.958 -1.0400 -1.0230 -0.9520
1906.042 -1.0370 -1.0200 -0.9530
1906.125 -1.0350 -1.0190 -0.9520
1906.208 -1.0340 -1.0170 -0.9520
1906.292 -1.0300 -1.0140 -0.9520
1906.375 -1.0290 -1.0120 -0.9510
1906.458 -1.0300 -1.0120 -0.9520
1906.542 -1.0310 -1.0110 -0.9510
1906.625 -1.0330 -1.0100 -0.9520
1906.708 -1.0300 -1.0060 -0.9500
1906.792 -1.0320 -1.0060 -0.9510
1906.875 -1.0320 -1.0050 -0.9510
1906.958 -1.0310 -1.0050 -0.9510
1907.042 -1.0310 -1.0040 -0.9510
1907.125 -1.0310 -1.0030 -0.9510
1907.208 -1.0280 -1.0010 -0.9490
1907.292 -1.0260 -0.9980 -0.9470
1907.375 -1.0260 -0.9970 -0.9460
1907.458 -1.0280 -0.9970 -0.9470
1907.542 -1.0310 -0.9980 -0.9490
1907.625 -1.0320 -0.9980 -0.9500
1907.708 -1.0300 -0.9940 -0.9490
1907.792 -1.0340 -0.9960 -0.9530
1907.875 -1.0350 -0.9950 -0.9540
1907.958 -1.0360 -0.9970 -0.9560
1908.042 -1.0370 -1.0010 -0.9590
1908.125 -1.0390 -1.0020 -0.9610
1908.208 -1.0410 -1.0030 -0.9620
1908.292 -1.0420 -1.0040 -0.9630
1908.375 -1.0440 -1.0070 -0.9640
1908.458 -1.0510 -1.0140 -0.9670
1908.542 -1.0590 -1.0230 -0.9730
1908.625 -1.0650 -1.0290 -0.9770
1908.708 -1.0700 -1.0340 -0.9830
1908.792 -1.0780 -1.0420 -0.9900
1908.875 -1.0850 -1.0500 -0.9960
1908.958 -1.0890 -1.0550 -1.0020
1909.042 -1.0930 -1.0600 -1.0080
1909.125 -1.0960 -1.0620 -1.0120
1909.208 -1.0990 -1.0660 -1.0160
1909.292 -1.1020 -1.0680 -1.0180
1909.375 -1.1030 -1.0690 -1.0190
1909.458 -1.1020 -1.0660 -1.0180
1909.542 -1.1040 -1.0660 -1.0200
1909.625 -1.1010 -1.0620 -1.0190
1909.708 -1.0970 -1.0570 -1.0150
1909.792 -1.0990 -1.0590 -1.0170
1909.875 -1.0960 -1.0570 -1.0140
1909.958 -1.0920 -1.0520 -1.0100
1910.042 -1.0880 -1.0470 -1.0070
1910.125 -1.0900 -1.0490 -1.0080
1910.208 -1.0920 -1.0500 -1.0110
1910.292 -1.0960 -1.0540 -1.0140
1910.375 -1.1030 -1.0610 -1.0200
1910.458 -1.1020 -1.0610 -1.0180
1910.542 -1.1030 -1.0610 -1.0170
1910.625 -1.1050 -1.0630 -1.0150
1910.708 -1.1080 -1.0650 -1.0170
1910.792 -1.1050 -1.0630 -1.0160
1910.875 -1.1030 -1.0620 -1.0140
1910.958 -1.1050 -1.0640 -1.0140
1911.042 -1.1070 -1.0660 -1.0150
1911.125 -1.1080 -1.0680 -1.0150
1911.208 -1.1060 -1.0670 -1.0120
1911.292 -1.1070 -1.0670 -1.0090
1911.375 -1.1040 -1.0650 -1.0070
1911.458 -1.0990 -1.0600 -1.0030
1911.542 -1.0890 -1.0520 -0.9970
1911.625 -1.0770 -1.0400 -0.9860
1911.708 -1.0730 -1.0360 -0.9820
1911.792 -1.0690 -1.0320 -0.9780
1911.875 -1.0650 -1.0280 -0.9730
1911.958 -1.0600 -1.0240 -0.9680
1912.042 -1.0570 -1.0200 -0.9640
1912.125 -1.0530 -1.0170 -0.9600
1912.208 -1.0500 -1.0150 -0.9580
1912.292 -1.0470 -1.0130 -0.9560
1912.375 -1.0390 -1.0070 -0.9510
1912.458 -1.0350 -1.0040 -0.9460
1912.542 -1.0270 -0.9980 -0.9400
1912.625 -1.0240 -0.9960 -0.9360
1912.708 -1.0180 -0.9910 -0.9300
1912.792 -1.0100 -0.9840 -0.9220
1912.875 -1.0010 -0.9770 -0.9150
1912.958 -0.9950 -0.9700 -0.9090
1913.042 -0.9910 -0.9640 -0.9060
1913.125 -0.9870 -0.9590 -0.9020
1913.208 -0.9820 -0.9540 -0.8990
1913.292 -0.9780 -0.9490 -0.8950
1913.375 -0.9760 -0.9460 -0.8920
1913.458 -0.9680 -0.9380 -0.8870
1913.542 -0.9600 -0.9310 -0.8820
1913.625 -0.9520 -0.9250 -0.8750
1913.708 -0.9450 -0.9180 -0.8680
1913.792 -0.9390 -0.9130 -0.8610
1913.875 -0.9370 -0.9090 -0.8580
1913.958 -0.9330 -0.9050 -0.8540
1914.042 -0.9310 -0.9050 -0.8510
1914.125 -0.9280 -0.9030 -0.8490
1914.208 -0.9260 -0.8990 -0.8460
1914.292 -0.9240 -0.8970 -0.8450
1914.375 -0.9260 -0.8980 -0.8460
1914.458 -0.9300 -0.9000 -0.8520
1914.542 -0.9390 -0.9100 -0.8620
1914.625 -0.9460 -0.9160 -0.8660
1914.708 -0.9530 -0.9220 -0.8730
1914.792 -0.9570 -0.9260 -0.8770
1914.875 -0.9630 -0.9290 -0.8820
1914.958 -0.9690 -0.9350 -0.8880
1915.042 -0.9730 -0.9380 -0.8910
1915.125 -0.9690 -0.9340 -0.8880
1915.208 -0.9650 -0.9290 -0.8830
1915.292 -0.9600 -0.9230 -0.8790
1915.375 -0.9570 -0.9210 -0.8760
1915.458 -0.9570 -0.9190 -0.8780
1915.542 -0.9610 -0.9240 -0.8810
1915.625 -0.9610 -0.9230 -0.8830
1915.708 -0.9610 -0.9240 -0.8840
1915.792 -0.9610 -0.9240 -0.8820
1915.875 -0.9630 -0.9250 -0.8830
1915.958 -0.9640 -0.9250 -0.8830
1916.042 -0.9620 -0.9230 -0.8830
1916.125 -0.9610 -0.9210 -0.8820
1916.208 -0.9610 -0.9210 -0.8820
1916.292 -0.9570 -0.9190 -0.8800
1916.375 -0.9520 -0.9130 -0.8760
1916.458 -0.9500 -0.9110 -0.8750
1916.542 -0.9540 -0.9170 -0.8780
1916.625 -0.9570 -0.9200 -0.8780
1916.708 -0.9560 -0.9210 -0.8800
1916.792 -0.9560 -0.9210 -0.8800
1916.875 -0.9520 -0.9180 -0.8760
1916.958 -0.9520 -0.9190 -0.8760
1917.042 -0.9530 -0.9200 -0.8790
1917.125 -0.9540 -0.9200 -0.8790
1917.208 -0.9550 -0.9190 -0.8820
1917.292 -0.9570 -0.9190 -0.8830
1917.375 -0.9610 -0.9210 -0.8860
1917.458 -0.9670 -0.9270 -0.8900
1917.542 -0.9740 -0.9310 -0.8960
1917.625 -0.9730 -0.9310 -0.8960
1917.708 -0.9760 -0.9360 -0.8990
1917.792 -0.9770 -0.9350 -0.9010
1917.875 -0.9820 -0.9390 -0.9070
1917.958 -0.9860 -0.9410 -0.9100
1918.042 -0.9870 -0.9420 -0.9130
1918.125 -0.9880 -0.9440 -0.9170
1918.208 -0.9900 -0.9470 -0.9190
1918.292 -0.9900 -0.9480 -0.9200
1918.375 -0.9870 -0.9470 -0.9200
1918.458 -0.9890 -0.9510 -0.9220
1918.542 -0.9920 -0.9530 -0.9240
1918.625 -0.9910 -0.9510 -0.9240
1918.708 -0.9920 -0.9510 -0.9250
1918.792 -0.9920 -0.9490 -0.9270
1918.875 -0.9910 -0.9470 -0.9280
1918.958 -0.9910 -0.9450 -0.9280
1919.042 -0.9880 -0.9400 -0.9260
1919.125 -0.9840 -0.9360 -0.9230
1919.208 -0.9830 -0.9360 -0.9220
1919.292 -0.9790 -0.9340 -0.9200
1919.375 -0.9730 -0.9300 -0.9150
1919.458 -0.9660 -0.9250 -0.9070
1919.542 -0.9550 -0.9140 -0.8970
1919.625 -0.9480 -0.9100 -0.8910
1919.708 -0.9430 -0.9050 -0.8880
1919.792 -0.9340 -0.8970 -0.8790
1919.875 -0.9270 -0.8930 -0.8730
1919.958 -0.9240 -0.8900 -0.8700
1920.042 -0.9200 -0.8870 -0.8680
1920.125 -0.9190 -0.8870 -0.8700
1920.208 -0.9200 -0.8870 -0.8720
1920.292 -0.9210 -0.8880 -0.8740
1920.375 -0.9180 -0.8840 -0.8710
1920.458 -0.9140 -0.8810 -0.8660
1920.542 -0.9050 -0.8710 -0.8590
1920.625 -0.9010 -0.8690 -0.8550
1920.708 -0.8990 -0.8670 -0.8530
1920.792 -0.8980 -0.8650 -0.8540
1920.875 -0.8940 -0.8620 -0.8520
1920.958 -0.8910 -0.8590 -0.8490
1921.042 -0.8890 -0.8560 -0.8470
1921.125 -0.8890 -0.8570 -0.8470
1921.208 -0.8880 -0.8550 -0.8490
1921.292 -0.8900 -0.8570 -0.8510
1921.375 -0.8910 -0.8570 -0.8530
1921.458 -0.8870 -0.8540 -0.8510
1921.542 -0.8820 -0.8470 -0.8480
1921.625 -0.8830 -0.8480 -0.8490
1921.708 -0.8830 -0.8480 -0.8480
1921.792 -0.8790 -0.8430 -0.8450
1921.875 -0.8810 -0.8450 -0.8480
1921.958 -0.8800 -0.8430 -0.8470
1922.042 -0.8790 -0.8410 -0.8450
1922.125 -0.8770 -0.8410 -0.8460
1922.208 -0.8780 -0.8430 -0.8460
1922.292 -0.8770 -0.8430 -0.8470
1922.375 -0.8780 -0.8450 -0.8480
1922.458 -0.8730 -0.8400 -0.8470
1922.542 -0.8720 -0.8400 -0.8470
1922.625 -0.8760 -0.8440 -0.8520
1922.708 -0.8770 -0.8430 -0.8540
1922.792 -0.8800 -0.8460 -0.8560
1922.875 -0.8810 -0.8460 -0.8540
1922.958 -0.8800 -0.8460 -0.8550
1923.042 -0.8800 -0.8480 -0.8540
1923.125 -0.8800 -0.8480 -0.8530
1923.208 -0.8790 -0.8470 -0.8530
1923.292 -0.8790 -0.8480 -0.8540
1923.375 -0.8790 -0.8480 -0.8520
1923.458 -0.8750 -0.8430 -0.8490
1923.542 -0.8650 -0.8340 -0.8420
1923.625 -0.8590 -0.8290 -0.8380
1923.708 -0.8560 -0.8250 -0.8330
1923.792 -0.8490 -0.8180 -0.8270
1923.875 -0.8460 -0.8170 -0.8220
1923.958 -0.8440 -0.8160 -0.8220
1924.042 -0.8440 -0.8170 -0.8210
1924.125 -0.8460 -0.8180 -0.8230
1924.208 -0.8430 -0.8140 -0.8230
1924.292 -0.8420 -0.8120 -0.8230
1924.375 -0.8410 -0.8110 -0.8230
1924.458 -0.8400 -0.8090 -0.8230
1924.542 -0.8420 -0.8100 -0.8240
1924.625 -0.8410 -0.8080 -0.8250
1924.708 -0.8380 -0.8050 -0.8220
1924.792 -0.8420 -0.8060 -0.8250
1924.875 -0.8440 -0.8070 -0.8270
1924.958 -0.8410 -0.8030 -0.8260
1925.042 -0.8410 -0.8020 -0.8240
1925.125 -0.8400 -0.8010 -0.8220
1925.208 -0.8370 -0.7980 -0.8180
1925.292 -0.8330 -0.7950 -0.8140
1925.375 -0.8260 -0.7890 -0.8090
1925.458 -0.8230 -0.7870 -0.8090
1925.542 -0.8240 -0.7870 -0.8120
1925.625 -0.8180 -0.7800 -0.8080
1925.708 -0.8120 -0.7740 -0.8050
1925.792 -0.8100 -0.7720 -0.8020
1925.875 -0.8080 -0.7680 -0.8000
1925.958 -0.8080 -0.7660 -0.7990
1926.042 -0.8110 -0.7680 -0.7990
1926.125 -0.8080 -0.7640 -0.7970
1926.208 -0.8060 -0.7610 -0.7950
1926.292 -0.8050 -0.7590 -0.7910
1926.375 -0.8070 -0.7590 -0.7910
1926.458 -0.8090 -0.7620 -0.7930
1926.542 -0.8120 -0.7640 -0.7940
1926.625 -0.8150 -0.7660 -0.7970
1926.708 -0.8190 -0.7700 -0.8010
1926.792 -0.8250 -0.7760 -0.8060
1926.875 -0.8270 -0.7770 -0.8090
1926.958 -0.8320 -0.7810 -0.8120
1927.042 -0.8350 -0.7830 -0.8160
1927.125 -0.8370 -0.7850 -0.8170
1927.208 -0.8370 -0.7840 -0.8150
1927.292 -0.8350 -0.7840 -0.8140
1927.375 -0.8320 -0.7810 -0.8110
1927.458 -0.8310 -0.7790 -0.8100
1927.542 -0.8320 -0.7810 -0.8130
1927.625 -0.8290 -0.7780 -0.8110
1927.708 -0.8270 -0.7760 -0.8090
1927.792 -0.8240 -0.7740 -0.8070
1927.875 -0.8230 -0.7720 -0.8070
1927.958 -0.8240 -0.7720 -0.8060
1928.042 -0.8240 -0.7690 -0.8040
1928.125 -0.8210 -0.7670 -0.8020
1928.208 -0.8210 -0.7650 -0.8000
1928.292 -0.8190 -0.7630 -0.7990
1928.375 -0.8170 -0.7590 -0.7980
1928.458 -0.8150 -0.7570 -0.7940
1928.542 -0.8180 -0.7590 -0.7950
1928.625 -0.8230 -0.7630 -0.7980
1928.708 -0.8260 -0.7660 -0.8010
1928.792 -0.8290 -0.7690 -0.8040
1928.875 -0.8300 -0.7690 -0.8060
1928.958 -0.8300 -0.7670 -0.8050
1929.042 -0.8280 -0.7650 -0.8030
1929.125 -0.8250 -0.7610 -0.8000
1929.208 -0.8230 -0.7600 -0.7970
1929.292 -0.8220 -0.7580 -0.7940
1929.375 -0.8210 -0.7570 -0.7940
1929.458 -0.8210 -0.7570 -0.7930
1929.542 -0.8170 -0.7530 -0.7900
1929.625 -0.8120 -0.7460 -0.7830
1929.708 -0.8120 -0.7460 -0.7840
1929.792 -0.8070 -0.7420 -0.7800
1929.875 -0.8030 -0.7380 -0.7760
1929.958 -0.8010 -0.7370 -0.7740
1930.042 -0.8000 -0.7370 -0.7740
1930.125 -0.7990 -0.7360 -0.7740
1930.208 -0.8000 -0.7350 -0.7780
1930.292 -0.7980 -0.7330 -0.7780
1930.375 -0.8000 -0.7340 -0.7790
1930.458 -0.8040 -0.7380 -0.7820
1930.542 -0.8030 -0.7370 -0.7810
1930.625 -0.8080 -0.7420 -0.7820
1930.708 -0.8120 -0.7460 -0.7850
1930.792 -0.8140 -0.7470 -0.7850
1930.875 -0.8150 -0.7470 -0.7840
1930.958 -0.8160 -0.7470 -0.7850
1931.042 -0.8160 -0.7470 -0.7860
1931.125 -0.8170 -0.7490 -0.7870
1931.208 -0.8170 -0.7480 -0.7870
1931.292 -0.8180 -0.7500 -0.7910
1931.375 -0.8190 -0.7520 -0.7910
1931.458 -0.8230 -0.7560 -0.7940
1931.542 -0.8270 -0.7610 -0.7980
1931.625 -0.8250 -0.7590 -0.7960
1931.708 -0.8190 -0.7510 -0.7910
1931.792 -0.8180 -0.7500 -0.7900
1931.875 -0.8170 -0.7490 -0.7880
1931.958 -0.8120 -0.7440 -0.7830
1932.042 -0.8080 -0.7390 -0.7780
1932.125 -0.8040 -0.7350 -0.7730
1932.208 -0.8010 -0.7330 -0.7710
1932.292 -0.8000 -0.7300 -0.7680
1932.375 -0.7980 -0.7280 -0.7660
1932.458 -0.7950 -0.7250 -0.7620
1932.542 -0.7880 -0.7170 -0.7550
1932.625 -0.7900 -0.7170 -0.7540
1932.708 -0.7850 -0.7100 -0.7490
1932.792 -0.7860 -0.7100 -0.7490
1932.875 -0.7880 -0.7110 -0.7530
1932.958 -0.7900 -0.7120 -0.7540
1933.042 -0.7890 -0.7120 -0.7560
1933.125 -0.7900 -0.7120 -0.7570
1933.208 -0.7920 -0.7130 -0.7570
1933.292 -0.7940 -0.7140 -0.7560
1933.375 -0.7940 -0.7140 -0.7560
1933.458 -0.8020 -0.7210 -0.7620
1933.542 -0.8050 -0.7240 -0.7630
1933.625 -0.8080 -0.7290 -0.7680
1933.708 -0.8100 -0.7300 -0.7690
1933.792 -0.8140 -0.7340 -0.7720
1933.875 -0.8140 -0.7340 -0.7720
1933.958 -0.8140 -0.7340 -0.7720
1934.042 -0.8150 -0.7360 -0.7740
1934.125 -0.8160 -0.7370 -0.7740
1934.208 -0.8180 -0.7380 -0.7750
1934.292 -0.8190 -0.7390 -0.7760
1934.375 -0.8190 -0.7400 -0.7760
1934.458 -0.8200 -0.7390 -0.7760
1934.542 -0.8190 -0.7390 -0.7750
1934.625 -0.8220 -0.7430 -0.7780
1934.708 -0.8180 -0.7390 -0.7750
1934.792 -0.8190 -0.7400 -0.7760
1934.875 -0.8210 -0.7410 -0.7790
1934.958 -0.8210 -0.7400 -0.7770
1935.042 -0.8170 -0.7360 -0.7760
1935.125 -0.8140 -0.7330 -0.7720
1935.208 -0.8090 -0.7290 -0.7670
1935.292 -0.8070 -0.7270 -0.7630
1935.375 -0.8040 -0.7230 -0.7600
1935.458 -0.7970 -0.7170 -0.7540
1935.542 -0.7950 -0.7140 -0.7520
1935.625 -0.7890 -0.7070 -0.7480
1935.708 -0.7840 -0.7020 -0.7430
1935.792 -0.7780 -0.6950 -0.7380
1935.875 -0.7720 -0.6900 -0.7340
1935.958 -0.7690 -0.6870 -0.7310
1936.042 -0.7650 -0.6830 -0.7300
1936.125 -0.7610 -0.6790 -0.7260
1936.208 -0.7580 -0.6760 -0.7230
1936.292 -0.7520 -0.6700 -0.7170
1936.375 -0.7440 -0.6630 -0.7120
1936.458 -0.7370 -0.6550 -0.7060
1936.542 -0.7320 -0.6500 -0.7020
1936.625 -0.7290 -0.6460 -0.6990
1936.708 -0.7280 -0.6460 -0.6980
1936.792 -0.7260 -0.6440 -0.6970
1936.875 -0.7200 -0.6400 -0.6950
1936.958 -0.7170 -0.6380 -0.6940
1937.042 -0.7130 -0.6360 -0.6920
1937.125 -0.7120 -0.6340 -0.6900
1937.208 -0.7100 -0.6320 -0.6870
1937.292 -0.7070 -0.6300 -0.6870
1937.375 -0.7070 -0.6300 -0.6870
1937.458 -0.7090 -0.6300 -0.6860
1937.542 -0.7020 -0.6220 -0.6780
1937.625 -0.6940 -0.6170 -0.6700
1937.708 -0.6930 -0.6170 -0.6700
1937.792 -0.6890 -0.6140 -0.6650
1937.875 -0.6820 -0.6060 -0.6550
1937.958 -0.6750 -0.6000 -0.6490
1938.042 -0.6710 -0.5960 -0.6430
1938.125 -0.6650 -0.5910 -0.6390
1938.208 -0.6600 -0.5870 -0.6370
1938.292 -0.6550 -0.5820 -0.6330
1938.375 -0.6530 -0.5790 -0.6290
1938.458 -0.6480 -0.5740 -0.6230
1938.542 -0.6410 -0.5660 -0.6160
1938.625 -0.6360 -0.5600 -0.6080
1938.708 -0.6290 -0.5520 -0.5990
1938.792 -0.6250 -0.5480 -0.5930
1938.875 -0.6220 -0.5450 -0.5860
1938.958 -0.6190 -0.5410 -0.5810
1939.042 -0.6160 -0.5380 -0.5750
1939.125 -0.6120 -0.5340 -0.5710
1939.208 -0.6100 -0.5320 -0.5670
1939.292 -0.6110 -0.5330 -0.5640
1939.375 -0.6080 -0.5280 -0.5580
1939.458 -0.6070 -0.5270 -0.5540
1939.542 -0.6040 -0.5250 -0.5490
1939.625 -0.5970 -0.5180 -0.5430
1939.708 -0.5980 -0.5190 -0.5420
1939.792 -0.5940 -0.5160 -0.5380
1939.875 -0.5920 -0.5140 -0.5330
1939.958 -0.5900 -0.5110 -0.5300
1940.042 -0.5890 -0.5100 -0.5280
1940.125 -0.5900 -0.5110 -0.5270
1940.208 -0.5920 -0.5130 -0.5280
1940.292 -0.5950 -0.5160 -0.5290
1940.375 -0.5970 -0.5190 -0.5310
1940.458 -0.5980 -0.5210 -0.5310
1940.542 -0.5960 -0.5210 -0.5290
1940.625 -0.5980 -0.5250 -0.5300
1940.708 -0.5970 -0.5250 -0.5290
1940.792 -0.5990 -0.5280 -0.5310
1940.875 -0.5970 -0.5280 -0.5300
1940.958 -0.5940 -0.5250 -0.5290
1941.042 -0.5920 -0.5250 -0.5280
1941.125 -0.5900 -0.5240 -0.5260
1941.208 -0.5880 -0.5230 -0.5250
1941.292 -0.5880 -0.5240 -0.5250
1941.375 -0.5860 -0.5220 -0.5220
1941.458 -0.5840 -0.5210 -0.5200
1941.542 -0.5770 -0.5150 -0.5150
1941.625 -0.5700 -0.5070 -0.5080
1941.708 -0.5650 -0.5020 -0.5030
1941.792 -0.5570 -0.4950 -0.4940
1941.875 -0.5550 -0.4930 -0.4890
1941.958 -0.5530 -0.4900 -0.4850
1942.042 -0.5510 -0.4880 -0.4810
1942.125 -0.5470 -0.4850 -0.4790
1942.208 -0.5420 -0.4820 -0.4780
1942.292 -0.5390 -0.4790 -0.4720
1942.375 -0.5330 -0.4730 -0.4670
1942.458 -0.5300 -0.4720 -0.4650
1942.542 -0.5340 -0.4780 -0.4700
1942.625 -0.5340 -0.4750 -0.4690
1942.708 -0.5350 -0.4760 -0.4690
1942.792 -0.5360 -0.4750 -0.4700
1942.875 -0.5340 -0.4740 -0.4700
1942.958 -0.5350 -0.4760 -0.4700
1943.042 -0.5350 -0.4760 -0.4690
1943.125 -0.5370 -0.4790 -0.4690
1943.208 -0.5340 -0.4760 -0.4640
1943.292 -0.5340 -0.4760 -0.4620
1943.375 -0.5310 -0.4760 -0.4630
1943.458 -0.5300 -0.4760 -0.4640
1943.542 -0.5350 -0.4830 -0.4700
1943.625 -0.5340 -0.4810 -0.4700
1943.708 -0.5370 -0.4850 -0.4740
1943.792 -0.5350 -0.4850 -0.4770
1943.875 -0.5340 -0.4850 -0.4810
1943.958 -0.5360 -0.4870 -0.4850
1944.042 -0.5400 -0.4920 -0.4900
1944.125 -0.5430 -0.4970 -0.4950
1944.208 -0.5460 -0.5000 -0.5010
1944.292 -0.5450 -0.5000 -0.5040
1944.375 -0.5490 -0.5050 -0.5100
1944.458 -0.5500 -0.5060 -0.5140
1944.542 -0.5580 -0.5130 -0.5220
1944.625 -0.5640 -0.5200 -0.5270
1944.708 -0.5640 -0.5220 -0.5270
1944.792 -0.5640 -0.5220 -0.5280
1944.875 -0.5630 -0.5230 -0.5290
1944.958 -0.5660 -0.5260 -0.5300
1945.042 -0.5680 -0.5280 -0.5310
1945.125 -0.5690 -0.5280 -0.5310
1945.208 -0.5700 -0.5290 -0.5340
1945.292 -0.5700 -0.5310 -0.5360
1945.375 -0.5690 -0.5290 -0.5360
1945.458 -0.5690 -0.5280 -0.5380
1945.542 -0.5720 -0.5310 -0.5410
1945.625 -0.5700 -0.5270 -0.5410
1945.708 -0.5750 -0.5310 -0.5440
1945.792 -0.5780 -0.5330 -0.5470
1945.875 -0.5820 -0.5360 -0.5490
1945.958 -0.5830 -0.5360 -0.5480
1946.042 -0.5830 -0.5340 -0.5470
1946.125 -0.5860 -0.5370 -0.5490
1946.208 -0.5900 -0.5380 -0.5500
1946.292 -0.5930 -0.5400 -0.5530
1946.375 -0.5990 -0.5450 -0.5570
1946.458 -0.6050 -0.5500 -0.5620
1946.542 -0.6150 -0.5590 -0.5690
1946.625 -0.6200 -0.5650 -0.5730
1946.708 -0.6270 -0.5720 -0.5790
1946.792 -0.6330 -0.5760 -0.5840
1946.875 -0.6370 -0.5790 -0.5880
1946.958 -0.6420 -0.5830 -0.5920
1947.042 -0.6490 -0.5890 -0.5980
1947.125 -0.6550 -0.5940 -0.6020
1947.208 -0.6610 -0.5980 -0.6060
1947.292 -0.6670 -0.6040 -0.6140
1947.375 -0.6730 -0.6090 -0.6190
1947.458 -0.6770 -0.6140 -0.6250
1947.542 -0.6810 -0.6180 -0.6290
1947.625 -0.6870 -0.6250 -0.6360
1947.708 -0.6920 -0.6310 -0.6410
1947.792 -0.6950 -0.6350 -0.6430
1947.875 -0.7030 -0.6430 -0.6510
1947.958 -0.7050 -0.6450 -0.6530
1948.042 -0.7070 -0.6470 -0.6550
1948.125 -0.7080 -0.6490 -0.6580
1948.208 -0.7150 -0.6550 -0.6650
1948.292 -0.7210 -0.6610 -0.6700
1948.375 -0.7280 -0.6670 -0.6750
1948.458 -0.7340 -0.6730 -0.6820
1948.542 -0.7350 -0.6740 -0.6860
1948.625 -0.7420 -0.6820 -0.6940
1948.708 -0.7470 -0.6880 -0.7000
1948.792 -0.7510 -0.6910 -0.7020
1948.875 -0.7530 -0.6930 -0.7040
1948.958 -0.7500 -0.6910 -0.7040
1949.042 -0.7450 -0.6860 -0.7010
1949.125 -0.7430 -0.6830 -0.6990
1949.208 -0.7380 -0.6780 -0.6950
1949.292 -0.7340 -0.6740 -0.6920
1949.375 -0.7310 -0.6710 -0.6880
1949.458 -0.7290 -0.6700 -0.6890
1949.542 -0.7220 -0.6630 -0.6820
1949.625 -0.7190 -0.6590 -0.6800
1949.708 -0.7170 -0.6550 -0.6790
1949.792 -0.7190 -0.6570 -0.6800
1949.875 -0.7190 -0.6560 -0.6800
1949.958 -0.7170 -0.6540 -0.6790
1950.042 -0.7150 -0.6520 -0.6800
1950.125 -0.7130 -0.6490 -0.6790
1950.208 -0.7090 -0.6460 -0.6770
1950.292 -0.7060 -0.6420 -0.6740
1950.375 -0.7060 -0.6430 -0.6740
1950.458 -0.7080 -0.6460 -0.6750
1950.542 -0.7050 -0.6430 -0.6720
1950.625 -0.7050 -0.6430 -0.6710
1950.708 -0.6990 -0.6380 -0.6670
1950.792 -0.6940 -0.6320 -0.6600
1950.875 -0.6870 -0.6270 -0.6550
1950.958 -0.6840 -0.6250 -0.6540
1951.042 -0.6800 -0.6230 -0.6500
1951.125 -0.6760 -0.6200 -0.6490
1951.208 -0.6720 -0.6170 -0.6480
1951.292 -0.6680 -0.6140 -0.6460
1951.375 -0.6660 -0.6120 -0.6440
1951.458 -0.6620 -0.6090 -0.6430
1951.542 -0.6550 -0.6030 -0.6380
1951.625 -0.6590 -0.6070 -0.6430
1951.708 -0.6570 -0.6050 -0.6420
1951.792 -0.6580 -0.6060 -0.6440
1951.875 -0.6560 -0.6050 -0.6460
1951.958 -0.6550 -0.6060 -0.6490
1952.042 -0.6530 -0.6050 -0.6480
1952.125 -0.6520 -0.6050 -0.6480
1952.208 -0.6510 -0.6050 -0.6480
1952.292 -0.6500 -0.6050 -0.6470
1952.375 -0.6480 -0.6030 -0.6470
1952.458 -0.6430 -0.5980 -0.6440
1952.542 -0.6430 -0.5980 -0.6450
1952.625 -0.6360 -0.5900 -0.6390
1952.708 -0.6330 -0.5880 -0.6380
1952.792 -0.6350 -0.5910 -0.6420
1952.875 -0.6340 -0.5910 -0.6430
1952.958 -0.6360 -0.5920 -0.6450
1953.042 -0.6370 -0.5930 -0.6470
1953.125 -0.6380 -0.5940 -0.6480
1953.208 -0.6330 -0.5930 -0.6450
1953.292 -0.6320 -0.5920 -0.6450
1953.375 -0.6300 -0.5900 -0.6430
1953.458 -0.6280 -0.5890 -0.6420
1953.542 -0.6290 -0.5910 -0.6430
1953.625 -0.6250 -0.5890 -0.6390
1953.708 -0.6210 -0.5850 -0.6360
1953.792 -0.6220 -0.5870 -0.6360
1953.875 -0.6260 -0.5910 -0.6370
1953.958 -0.6320 -0.5970 -0.6420
1954.042 -0.6360 -0.6020 -0.6450
1954.125 -0.6390 -0.6060 -0.6480
1954.208 -0.6470 -0.6140 -0.6540
1954.292 -0.6520 -0.6210 -0.6590
1954.375 -0.6600 -0.6280 -0.6650
1954.458 -0.6630 -0.6300 -0.6670
1954.542 -0.6660 -0.6350 -0.6710
1954.625 -0.6720 -0.6400 -0.6740
1954.708 -0.6750 -0.6440 -0.6770
1954.792 -0.6760 -0.6440 -0.6780
1954.875 -0.6770 -0.6460 -0.6790
1954.958 -0.6760 -0.6460 -0.6770
1955.042 -0.6750 -0.6460 -0.6740
1955.125 -0.6770 -0.6480 -0.6740
1955.208 -0.6770 -0.6490 -0.6720
1955.292 -0.6770 -0.6500 -0.6720
1955.375 -0.6770 -0.6500 -0.6720
1955.458 -0.6750 -0.6470 -0.6700
1955.542 -0.6740 -0.6460 -0.6680
1955.625 -0.6690 -0.6420 -0.6640
1955.708 -0.6700 -0.6420 -0.6630
1955.792 -0.6690 -0.6420 -0.6640
1955.875 -0.6740 -0.6480 -0.6670
1955.958 -0.6780 -0.6500 -0.6690
1956.042 -0.6830 -0.6550 -0.6710
1956.125 -0.6860 -0.6560 -0.6690
1956.208 -0.6900 -0.6590 -0.6690
1956.292 -0.6930 -0.6630 -0.6700
1956.375 -0.6940 -0.6650 -0.6710
1956.458 -0.6940 -0.6650 -0.6700
1956.542 -0.6940 -0.6670 -0.6700
1956.625 -0.6890 -0.6630 -0.6650
1956.708 -0.6880 -0.6610 -0.6630
1956.792 -0.6840 -0.6580 -0.6570
1956.875 -0.6810 -0.6560 -0.6520
1956.958 -0.6790 -0.6530 -0.6480
1957.042 -0.6770 -0.6520 -0.6450
1957.125 -0.6750 -0.6490 -0.6420
1957.208 -0.6740 -0.6480 -0.6390
1957.292 -0.6740 -0.6490 -0.6370
1957.375 -0.6760 -0.6500 -0.6370
1957.458 -0.6810 -0.6550 -0.6380
1957.542 -0.6790 -0.6540 -0.6360
1957.625 -0.6830 -0.6580 -0.6370
1957.708 -0.6790 -0.6550 -0.6320
1957.792 -0.6800 -0.6560 -0.6310
1957.875 -0.6810 -0.6560 -0.6300
1957.958 -0.6790 -0.6550 -0.6280
1958.042 -0.6780 -0.6540 -0.6270
1958.125 -0.6770 -0.6530 -0.6250
1958.208 -0.6780 -0.6520 -0.6250
1958.292 -0.6740 -0.6490 -0.6230
1958.375 -0.6730 -0.6480 -0.6210
1958.458 -0.6720 -0.6460 -0.6190
1958.542 -0.6640 -0.6390 -0.6100
1958.625 -0.6620 -0.6360 -0.6070
1958.708 -0.6570 -0.6300 -0.6020
1958.792 -0.6520 -0.6250 -0.5980
1958.875 -0.6460 -0.6190 -0.5910
1958.958 -0.6390 -0.6120 -0.5840
1959.042 -0.6340 -0.6070 -0.5800
1959.125 -0.6320 -0.6040 -0.5770
1959.208 -0.6270 -0.5990 -0.5720
1959.292 -0.6230 -0.5950 -0.5670
1959.375 -0.6180 -0.5920 -0.5640
1959.458 -0.6150 -0.5890 -0.5610
1959.542 -0.6170 -0.5900 -0.5620
1959.625 -0.6140 -0.5870 -0.5610
1959.708 -0.6110 -0.5850 -0.5570
1959.792 -0.6080 -0.5810 -0.5530
1959.875 -0.6080 -0.5810 -0.5530
1959.958 -0.6120 -0.5840 -0.5560
1960.042 -0.6150 -0.5860 -0.5580
1960.125 -0.6160 -0.5870 -0.5590
1960.208 -0.6190 -0.5900 -0.5610
1960.292 -0.6220 -0.5920 -0.5630
1960.375 -0.6240 -0.5920 -0.5630
1960.458 -0.6250 -0.5930 -0.5620
1960.542 -0.6270 -0.5960 -0.5640
1960.625 -0.6330 -0.6020 -0.5700
1960.708 -0.6340 -0.6030 -0.5690
1960.792 -0.6400 -0.6090 -0.5740
1960.875 -0.6420 -0.6100 -0.5750
1960.958 -0.6440 -0.6130 -0.5770
1961.042 -0.6430 -0.6120 -0.5780
1961.125 -0.6420 -0.6110 -0.5780
1961.208 -0.6360 -0.6070 -0.5750
1961.292 -0.6310 -0.6030 -0.5720
1961.375 -0.6300 -0.6020 -0.5700
1961.458 -0.6290 -0.6000 -0.5680
1961.542 -0.6300 -0.6000 -0.5690
1961.625 -0.6330 -0.6030 -0.5720
1961.708 -0.6360 -0.6070 -0.5750
1961.792 -0.6430 -0.6140 -0.5830
1961.875 -0.6520 -0.6210 -0.5890
1961.958 -0.6580 -0.6270 -0.5940
1962.042 -0.6610 -0.6300 -0.5970
1962.125 -0.6630 -0.6320 -0.5990
1962.208 -0.6680 -0.6370 -0.6020
1962.292 -0.6720 -0.6410 -0.6060
1962.375 -0.6760 -0.6450 -0.6100
1962.458 -0.6780 -0.6470 -0.6140
1962.542 -0.6830 -0.6520 -0.6180
1962.625 -0.6830 -0.6530 -0.6200
1962.708 -0.6880 -0.6570 -0.6250
1962.792 -0.6850 -0.6540 -0.6230
1962.875 -0.6860 -0.6550 -0.6240
1962.958 -0.6860 -0.6550 -0.6250
1963.042 -0.6880 -0.6570 -0.6260
1963.125 -0.6890 -0.6590 -0.6270
1963.208 -0.6920 -0.6620 -0.6290
1963.292 -0.6960 -0.6660 -0.6310
1963.375 -0.6980 -0.6680 -0.6320
1963.458 -0.6960 -0.6660 -0.6300
1963.542 -0.7000 -0.6700 -0.6350
1963.625 -0.7030 -0.6740 -0.6390
1963.708 -0.7070 -0.6780 -0.6420
1963.792 -0.7080 -0.6800 -0.6440
1963.875 -0.7110 -0.6840 -0.6480
1963.958 -0.7160 -0.6890 -0.6510
1964.042 -0.7180 -0.6920 -0.6530
1964.125 -0.7170 -0.6910 -0.6520
1964.208 -0.7180 -0.6920 -0.6530
1964.292 -0.7180 -0.6930 -0.6540
1964.375 -0.7210 -0.6960 -0.6560
1964.458 -0.7220 -0.6970 -0.6570
1964.542 -0.7200 -0.6950 -0.6560
1964.625 -0.7230 -0.6980 -0.6580
1964.708 -0.7280 -0.7030 -0.6640
1964.792 -0.7290 -0.7050 -0.6660
1964.875 -0.7300 -0.7070 -0.6670
1964.958 -0.7240 -0.7030 -0.6630
1965.042 -0.7250 -0.7040 -0.6640
1965.125 -0.7230 -0.7030 -0.6640
1965.208 -0.7220 -0.7030 -0.6630
1965.292 -0.7210 -0.7040 -0.6640
1965.375 -0.7200 -0.7030 -0.6620
1965.458 -0.7220 -0.7050 -0.6650
1965.542 -0.7220 -0.7060 -0.6650
1965.625 -0.7250 -0.7090 -0.6690
1965.708 -0.7300 -0.7140 -0.6740
1965.792 -0.7240 -0.7080 -0.6690
1965.875 -0.7240 -0.7080 -0.6690
1965.958 -0.7240 -0.7090 -0.6700
1966.042 -0.7250 -0.7110 -0.6710
1966.125 -0.7290 -0.7150 -0.6740
1966.208 -0.7360 -0.7200 -0.6770
1966.292 -0.7420 -0.7250 -0.6810
1966.375 -0.7430 -0.7260 -0.6830
1966.458 -0.7460 -0.7300 -0.6860
1966.542 -0.7480 -0.7320 -0.6890
1966.625 -0.7470 -0.7310 -0.6890
1966.708 -0.7470 -0.7310 -0.6880
1966.792 -0.7420 -0.7270 -0.6830
1966.875 -0.7340 -0.7190 -0.6760
1966.958 -0.7250 -0.7110 -0.6690
1967.042 -0.7230 -0.7090 -0.6670
1967.125 -0.7220 -0.7070 -0.6660
1967.208 -0.7180 -0.7030 -0.6620
1967.292 -0.7110 -0.6970 -0.6570
1967.375 -0.7050 -0.6910 -0.6500
1967.458 -0.7000 -0.6860 -0.6430
1967.542 -0.6910 -0.6770 -0.6350
1967.625 -0.6880 -0.6740 -0.6300
1967.708 -0.6830 -0.6690 -0.6250
1967.792 -0.6790 -0.6660 -0.6210
1967.875 -0.6750 -0.6630 -0.6160
1967.958 -0.6740 -0.6620 -0.6140
1968.042 -0.6730 -0.6600 -0.6130
1968.125 -0.6710 -0.6580 -0.6110
1968.208 -0.6710 -0.6580 -0.6110
1968.292 -0.6660 -0.6550 -0.6080
1968.375 -0.6660 -0.6540 -0.6080
1968.458 -0.6660 -0.6530 -0.6080
1968.542 -0.6680 -0.6540 -0.6090
1968.625 -0.6660 -0.6510 -0.6070
1968.708 -0.6690 -0.6530 -0.6090
1968.792 -0.6720 -0.6560 -0.6110
1968.875 -0.6730 -0.6570 -0.6100
1968.958 -0.6720 -0.6560 -0.6090
1969.042 -0.6740 -0.6590 -0.6110
1969.125 -0.6780 -0.6620 -0.6140
1969.208 -0.6780 -0.6640 -0.6140
1969.292 -0.6790 -0.6640 -0.6130
1969.375 -0.6780 -0.6630 -0.6120
1969.458 -0.6790 -0.6640 -0.6130
1969.542 -0.6810 -0.6650 -0.6140
1969.625 -0.6830 -0.6680 -0.6160
1969.708 -0.6830 -0.6670 -0.6150
1969.792 -0.6840 -0.6680 -0.6140
1969.875 -0.6840 -0.6680 -0.6130
1969.958 -0.6870 -0.6710 -0.6160
1970.042 -0.6860 -0.6700 -0.6140
1970.125 -0.6870 -0.6700 -0.6130
1970.208 -0.6840 -0.6680 -0.6100
1970.292 -0.6830 -0.6660 -0.6090
1970.375 -0.6840 -0.6670 -0.6090
1970.458 -0.6820 -0.6660 -0.6080
1970.542 -0.6780 -0.6620 -0.6040
1970.625 -0.6700 -0.6550 -0.5950
1970.708 -0.6640 -0.6480 -0.5880
1970.792 -0.6620 -0.6460 -0.5860
1970.875 -0.6570 -0.6400 -0.5800
1970.958 -0.6500 -0.6340 -0.5740
1971.042 -0.6460 -0.6300 -0.5690
1971.125 -0.6420 -0.6260 -0.5650
1971.208 -0.6390 -0.6250 -0.5630
1971.292 -0.6350 -0.6220 -0.5600
1971.375 -0.6350 -0.6220 -0.5590
1971.458 -0.6330 -0.6200 -0.5560
1971.542 -0.6320 -0.6190 -0.5550
1971.625 -0.6340 -0.6210 -0.5550
1971.708 -0.6370 -0.6250 -0.5580
1971.792 -0.6390 -0.6260 -0.5600
1971.875 -0.6430 -0.6300 -0.5650
1971.958 -0.6470 -0.6340 -0.5680
1972.042 -0.6490 -0.6360 -0.5700
1972.125 -0.6490 -0.6360 -0.5700
1972.208 -0.6460 -0.6350 -0.5690
1972.292 -0.6470 -0.6360 -0.5720
1972.375 -0.6490 -0.6380 -0.5750
1972.458 -0.6520 -0.6400 -0.5780
1972.542 -0.6580 -0.6470 -0.5850
1972.625 -0.6590 -0.6490 -0.5870
1972.708 -0.6600 -0.6500 -0.5890
1972.792 -0.6580 -0.6490 -0.5880
1972.875 -0.6570 -0.6480 -0.5880
1972.958 -0.6540 -0.6450 -0.5860
1973.042 -0.6520 -0.6440 -0.5850
1973.125 -0.6530 -0.6440 -0.5850
1973.208 -0.6540 -0.6440 -0.5860
1973.292 -0.6560 -0.6460 -0.5870
1973.375 -0.6580 -0.6480 -0.5900
1973.458 -0.6600 -0.6510 -0.5930
1973.542 -0.6600 -0.6520 -0.5940
1973.625 -0.6600 -0.6520 -0.5930
1973.708 -0.6580 -0.6520 -0.5920
1973.792 -0.6580 -0.6520 -0.5940
1973.875 -0.6580 -0.6510 -0.5930
1973.958 -0.6610 -0.6540 -0.5960
1974.042 -0.6620 -0.6530 -0.5950
1974.125 -0.6610 -0.6530 -0.5950
1974.208 -0.6620 -0.6540 -0.5950
1974.292 -0.6620 -0.6550 -0.5960
1974.375 -0.6640 -0.6580 -0.5980
1974.458 -0.6630 -0.6580 -0.5970
1974.542 -0.6580 -0.6540 -0.5930
1974.625 -0.6480 -0.6450 -0.5860
1974.708 -0.6410 -0.6390 -0.5810
1974.792 -0.6380 -0.6360 -0.5780
1974.875 -0.6330 -0.6310 -0.5750
1974.958 -0.6270 -0.6260 -0.5700
1975.042 -0.6220 -0.6220 -0.5670
1975.125 -0.6180 -0.6180 -0.5650
1975.208 -0.6160 -0.6170 -0.5640
1975.292 -0.6150 -0.6160 -0.5640
1975.375 -0.6130 -0.6150 -0.5650
1975.458 -0.6100 -0.6120 -0.5620
1975.542 -0.6120 -0.6150 -0.5640
1975.625 -0.6140 -0.6160 -0.5670
1975.708 -0.6150 -0.6170 -0.5700
1975.792 -0.6150 -0.6180 -0.5710
1975.875 -0.6160 -0.6200 -0.5740
1975.958 -0.6180 -0.6220 -0.5770
1976.042 -0.6200 -0.6250 -0.5810
1976.125 -0.6190 -0.6250 -0.5820
1976.208 -0.6230 -0.6280 -0.5850
1976.292 -0.6220 -0.6270 -0.5860
1976.375 -0.6230 -0.6280 -0.5860
1976.458 -0.6210 -0.6260 -0.5840
1976.542 -0.6190 -0.6240 -0.5820
1976.625 -0.6130 -0.6180 -0.5780
1976.708 -0.6090 -0.6140 -0.5750
1976.792 -0.6040 -0.6090 -0.5710
1976.875 -0.5990 -0.6040 -0.5680
1976.958 -0.5970 -0.6020 -0.5660
1977.042 -0.5950 -0.6000 -0.5620
1977.125 -0.5940 -0.5970 -0.5610
1977.208 -0.5940 -0.5950 -0.5590
1977.292 -0.5890 -0.5910 -0.5540
1977.375 -0.5840 -0.5860 -0.5480
1977.458 -0.5780 -0.5810 -0.5420
1977.542 -0.5690 -0.5710 -0.5320
1977.625 -0.5630 -0.5650 -0.5260
1977.708 -0.5580 -0.5590 -0.5210
1977.792 -0.5540 -0.5550 -0.5170
1977.875 -0.5490 -0.5500 -0.5130
1977.958 -0.5460 -0.5470 -0.5090
1978.042 -0.5430 -0.5440 -0.5060
1978.125 -0.5370 -0.5380 -0.5010
1978.208 -0.5290 -0.5320 -0.4950
1978.292 -0.5250 -0.5270 -0.4910
1978.375 -0.5210 -0.5230 -0.4850
1978.458 -0.5130 -0.5150 -0.4780
1978.542 -0.5070 -0.5090 -0.4720
1978.625 -0.4970 -0.4990 -0.4630
1978.708 -0.4890 -0.4900 -0.4550
1978.792 -0.4770 -0.4790 -0.4440
1978.875 -0.4710 -0.4720 -0.4390
1978.958 -0.4620 -0.4640 -0.4310
1979.042 -0.4530 -0.4560 -0.4240
1979.125 -0.4450 -0.4480 -0.4190
1979.208 -0.4360 -0.4390 -0.4120
1979.292 -0.4320 -0.4340 -0.4090
1979.375 -0.4260 -0.4280 -0.4010
1979.458 -0.4220 -0.4220 -0.3960
1979.542 -0.4170 -0.4160 -0.3910
1979.625 -0.4200 -0.4190 -0.3930
1979.708 -0.4210 -0.4190 -0.3930
1979.792 -0.4250 -0.4230 -0.3960
1979.875 -0.4280 -0.4250 -0.3980
1979.958 -0.4310 -0.4270 -0.4000
1980.042 -0.4350 -0.4300 -0.4030
1980.125 -0.4370 -0.4320 -0.4040
1980.208 -0.4400 -0.4350 -0.4060
1980.292 -0.4400 -0.4340 -0.4050
1980.375 -0.4390 -0.4330 -0.4030
1980.458 -0.4410 -0.4350 -0.4040
1980.542 -0.4350 -0.4300 -0.3980
1980.625 -0.4290 -0.4240 -0.3910
1980.708 -0.4250 -0.4200 -0.3870
1980.792 -0.4220 -0.4170 -0.3830
1980.875 -0.4200 -0.4150 -0.3810
1980.958 -0.4170 -0.4110 -0.3770
1981.042 -0.4140 -0.4080 -0.3720
1981.125 -0.4120 -0.4060 -0.3700
1981.208 -0.4030 -0.3970 -0.3620
1981.292 -0.3980 -0.3930 -0.3570
1981.375 -0.3960 -0.3900 -0.3540
1981.458 -0.3940 -0.3870 -0.3510
1981.542 -0.3920 -0.3860 -0.3500
1981.625 -0.3910 -0.3840 -0.3470
1981.708 -0.3870 -0.3810 -0.3440
1981.792 -0.3860 -0.3800 -0.3410
1981.875 -0.3870 -0.3810 -0.3410
1981.958 -0.3820 -0.3770 -0.3370
1982.042 -0.3820 -0.3780 -0.3390
1982.125 -0.3810 -0.3780 -0.3380
1982.208 -0.3820 -0.3780 -0.3380
1982.292 -0.3830 -0.3790 -0.3380
1982.375 -0.3850 -0.3810 -0.3400
1982.458 -0.3900 -0.3850 -0.3440
1982.542 -0.3990 -0.3950 -0.3520
1982.625 -0.4000 -0.3970 -0.3530
1982.708 -0.4070 -0.4040 -0.3600
1982.792 -0.4100 -0.4070 -0.3620
1982.875 -0.4140 -0.4110 -0.3660
1982.958 -0.4170 -0.4140 -0.3690
1983.042 -0.4180 -0.4140 -0.3700
1983.125 -0.4230 -0.4180 -0.3750
1983.208 -0.4250 -0.4180 -0.3770
1983.292 -0.4250 -0.4180 -0.3780
1983.375 -0.4260 -0.4190 -0.3790
1983.458 -0.4290 -0.4230 -0.3810
1983.542 -0.4300 -0.4240 -0.3820
1983.625 -0.4350 -0.4290 -0.3860
1983.708 -0.4350 -0.4300 -0.3870
1983.792 -0.4380 -0.4330 -0.3890
1983.875 -0.4380 -0.4340 -0.3910
1983.958 -0.4380 -0.4340 -0.3910
1984.042 -0.4430 -0.4380 -0.3930
1984.125 -0.4470 -0.4410 -0.3960
1984.208 -0.4510 -0.4450 -0.3980
1984.292 -0.4530 -0.4470 -0.4000
1984.375 -0.4530 -0.4470 -0.4010
1984.458 -0.4550 -0.4490 -0.4040
1984.542 -0.4600 -0.4550 -0.4080
1984.625 -0.4560 -0.4510 -0.4040
1984.708 -0.4530 -0.4470 -0.4010
1984.792 -0.4490 -0.4430 -0.3980
1984.875 -0.4460 -0.4400 -0.3970
1984.958 -0.4440 -0.4390 -0.3940
1985.042 -0.4390 -0.4340 -0.3900
1985.125 -0.4340 -0.4300 -0.3850
1985.208 -0.4300 -0.4250 -0.3810
1985.292 -0.4260 -0.4210 -0.3780
1985.375 -0.4230 -0.4170 -0.3750
1985.458 -0.4210 -0.4150 -0.3740
1985.542 -0.4200 -0.4130 -0.3730
1985.625 -0.4190 -0.4110 -0.3730
1985.708 -0.4190 -0.4110 -0.3720
1985.792 -0.4170 -0.4090 -0.3710
1985.875 -0.4150 -0.4060 -0.3680
1985.958 -0.4130 -0.4050 -0.3660
1986.042 -0.4100 -0.4020 -0.3640
1986.125 -0.4070 -0.4000 -0.3620
1986.208 -0.4060 -0.4000 -0.3610
1986.292 -0.4070 -0.4010 -0.3620
1986.375 -0.4040 -0.3990 -0.3600
1986.458 -0.4070 -0.4020 -0.3630
1986.542 -0.4060 -0.4010 -0.3620
1986.625 -0.4100 -0.4040 -0.3650
1986.708 -0.4060 -0.4010 -0.3630
1986.792 -0.4060 -0.4000 -0.3630
1986.875 -0.4030 -0.3980 -0.3600
1986.958 -0.4080 -0.4010 -0.3630
1987.042 -0.4070 -0.3980 -0.3610
1987.125 -0.4020 -0.3940 -0.3590
1987.208 -0.3990 -0.3920 -0.3570
1987.292 -0.3970 -0.3890 -0.3540
1987.375 -0.3930 -0.3850 -0.3520
1987.458 -0.3900 -0.3820 -0.3500
1987.542 -0.3820 -0.3750 -0.3440
1987.625 -0.3800 -0.3720 -0.3420
1987.708 -0.3740 -0.3660 -0.3370
1987.792 -0.3650 -0.3560 -0.3270
1987.875 -0.3570 -0.3480 -0.3200
1987.958 -0.3510 -0.3420 -0.3140
1988.042 -0.3470 -0.3390 -0.3110
1988.125 -0.3390 -0.3320 -0.3050
1988.208 -0.3370 -0.3300 -0.3020
1988.292 -0.3340 -0.3280 -0.2990
1988.375 -0.3290 -0.3220 -0.2940
1988.458 -0.3240 -0.3170 -0.2890
1988.542 -0.3200 -0.3130 -0.2860
1988.625 -0.3160 -0.3090 -0.2840
1988.708 -0.3150 -0.3080 -0.2820
1988.792 -0.3130 -0.3060 -0.2810
1988.875 -0.3080 -0.3010 -0.2770
1988.958 -0.3050 -0.2980 -0.2740
1989.042 -0.2980 -0.2910 -0.2680
1989.125 -0.2910 -0.2840 -0.2630
1989.208 -0.2870 -0.2800 -0.2590
1989.292 -0.2810 -0.2740 -0.2540
1989.375 -0.2780 -0.2710 -0.2520
1989.458 -0.2740 -0.2670 -0.2490
1989.542 -0.2710 -0.2640 -0.2470
1989.625 -0.2680 -0.2610 -0.2460
1989.708 -0.2670 -0.2610 -0.2450
1989.792 -0.2630 -0.2570 -0.2410
1989.875 -0.2620 -0.2580 -0.2400
1989.958 -0.2620 -0.2580 -0.2400
1990.042 -0.2640 -0.2600 -0.2410
1990.125 -0.2690 -0.2650 -0.2470
1990.208 -0.2730 -0.2680 -0.2500
1990.292 -0.2790 -0.2740 -0.2560
1990.375 -0.2830 -0.2790 -0.2610
1990.458 -0.2870 -0.2830 -0.2640
1990.542 -0.2910 -0.2880 -0.2680
1990.625 -0.2940 -0.2910 -0.2720
1990.708 -0.2940 -0.2920 -0.2730
1990.792 -0.2950 -0.2940 -0.2760
1990.875 -0.2970 -0.2960 -0.2780
1990.958 -0.2990 -0.2980 -0.2810
1991.042 -0.3010 -0.3010 -0.2830
1991.125 -0.3020 -0.3030 -0.2840
1991.208 -0.3060 -0.3060 -0.2880
1991.292 -0.3090 -0.3090 -0.2910
1991.375 -0.3090 -0.3110 -0.2930
1991.458 -0.3080 -0.3100 -0.2940
1991.542 -0.3090 -0.3110 -0.2960
1991.625 -0.3050 -0.3070 -0.2930
1991.708 -0.3090 -0.3110 -0.2970
1991.792 -0.3080 -0.3100 -0.2980
1991.875 -0.3060 -0.3080 -0.2960
1991.958 -0.3020 -0.3050 -0.2940
1992.042 -0.2980 -0.3010 -0.2910
1992.125 -0.2980 -0.3030 -0.2900
1992.208 -0.3000 -0.3040 -0.2920
1992.292 -0.3000 -0.3040 -0.2930
1992.375 -0.2980 -0.3030 -0.2900
1992.458 -0.2930 -0.2990 -0.2860
1992.542 -0.2940 -0.3000 -0.2870
1992.625 -0.2920 -0.2970 -0.2840
1992.708 -0.2860 -0.2920 -0.2780
1992.792 -0.2910 -0.2970 -0.2820
1992.875 -0.2920 -0.2980 -0.2840
1992.958 -0.2950 -0.3000 -0.2870
1993.042 -0.2930 -0.2990 -0.2860
1993.125 -0.2920 -0.2980 -0.2840
1993.208 -0.2890 -0.2960 -0.2810
1993.292 -0.2870 -0.2950 -0.2800
1993.375 -0.2860 -0.2950 -0.2800
1993.458 -0.2840 -0.2950 -0.2790
1993.542 -0.2860 -0.2970 -0.2810
1993.625 -0.2880 -0.2980 -0.2830
1993.708 -0.2870 -0.2970 -0.2830
1993.792 -0.2860 -0.2970 -0.2830
1993.875 -0.2880 -0.3000 -0.2860
1993.958 -0.2900 -0.3010 -0.2870
1994.042 -0.2940 -0.3050 -0.2910
1994.125 -0.2970 -0.3070 -0.2930
1994.208 -0.2950 -0.3070 -0.2930
1994.292 -0.2980 -0.3100 -0.2950
1994.375 -0.3000 -0.3120 -0.2970
1994.458 -0.2980 -0.3110 -0.2950
1994.542 -0.2970 -0.3090 -0.2940
1994.625 -0.2990 -0.3110 -0.2970
1994.708 -0.2990 -0.3120 -0.2980
1994.792 -0.2980 -0.3100 -0.2970
1994.875 -0.2950 -0.3070 -0.2960
1994.958 -0.2930 -0.3040 -0.2950
1995.042 -0.2880 -0.2990 -0.2900
1995.125 -0.2830 -0.2930 -0.2860
1995.208 -0.2770 -0.2870 -0.2800
1995.292 -0.2670 -0.2770 -0.2700
1995.375 -0.2560 -0.2670 -0.2600
1995.458 -0.2450 -0.2570 -0.2510
1995.542 -0.2380 -0.2490 -0.2440
1995.625 -0.2340 -0.2440 -0.2400
1995.708 -0.2270 -0.2360 -0.2340
1995.792 -0.2210 -0.2300 -0.2290
1995.875 -0.2140 -0.2230 -0.2220
1995.958 -0.2070 -0.2150 -0.2160
1996.042 -0.1990 -0.2070 -0.2090
1996.125 -0.1910 -0.1990 -0.2010
1996.208 -0.1820 -0.1890 -0.1920
1996.292 -0.1770 -0.1830 -0.1870
1996.375 -0.1740 -0.1780 -0.1840
1996.458 -0.1680 -0.1730 -0.1780
1996.542 -0.1600 -0.1670 -0.1710
1996.625 -0.1570 -0.1640 -0.1670
1996.708 -0.1480 -0.1550 -0.1580
1996.792 -0.1480 -0.1540 -0.1570
1996.875 -0.1480 -0.1540 -0.1580
1996.958 -0.1480 -0.1540 -0.1580
1997.042 -0.1480 -0.1530 -0.1580
1997.125 -0.1470 -0.1510 -0.1570
1997.208 -0.1440 -0.1490 -0.1550
1997.292 -0.1420 -0.1490 -0.1540
1997.375 -0.1430 -0.1500 -0.1560
1997.458 -0.1440 -0.1510 -0.1570
1997.542 -0.1420 -0.1500 -0.1550
1997.625 -0.1450 -0.1540 -0.1590
1997.708 -0.1480 -0.1560 -0.1620
1997.792 -0.1470 -0.1540 -0.1620
1997.875 -0.1460 -0.1520 -0.1610
1997.958 -0.1450 -0.1520 -0.1600
1998.042 -0.1460 -0.1520 -0.1610
1998.125 -0.1490 -0.1540 -0.1630
1998.208 -0.1490 -0.1540 -0.1640
1998.292 -0.1490 -0.1540 -0.1640
1998.375 -0.1520 -0.1570 -0.1660
1998.458 -0.1550 -0.1590 -0.1690
1998.542 -0.1540 -0.1590 -0.1690
1998.625 -0.1510 -0.1560 -0.1660
1998.708 -0.1530 -0.1570 -0.1670
1998.792 -0.1500 -0.1530 -0.1640
1998.875 -0.1470 -0.1500 -0.1610
1998.958 -0.1430 -0.1460 -0.1570
1999.042 -0.1380 -0.1420 -0.1530
1999.125 -0.1340 -0.1390 -0.1490
1999.208 -0.1350 -0.1360 -0.1470
1999.292 -0.1310 -0.1310 -0.1430
1999.375 -0.1260 -0.1260 -0.1380
1999.458 -0.1210 -0.1190 -0.1330
1999.542 -0.1180 -0.1160 -0.1290
1999.625 -0.1110 -0.1090 -0.1220
1999.708 -0.1060 -0.1040 -0.1170
1999.792 -0.1000 -0.0970 -0.1110
1999.875 -0.0970 -0.0940 -0.1090
1999.958 -0.0920 -0.0910 -0.1040
2000.042 -0.0930 -0.0910 -0.1040
2000.125 -0.0900 -0.0870 -0.1000
2000.208 -0.0880 -0.0860 -0.0990
2000.292 -0.0860 -0.0850 -0.0980
2000.375 -0.0870 -0.0870 -0.1000
2000.458 -0.0890 -0.0890 -0.1010
2000.542 -0.0910 -0.0920 -0.1020
2000.625 -0.0880 -0.0900 -0.1000
2000.708 -0.0920 -0.0950 -0.1030
2000.792 -0.0940 -0.0970 -0.1030
2000.875 -0.0970 -0.1000 -0.1060
2000.958 -0.0980 -0.1010 -0.1070
2001.042 -0.1030 -0.1050 -0.1110
2001.125 -0.1060 -0.1080 -0.1140
2001.208 -0.1080 -0.1090 -0.1150
2001.292 -0.1040 -0.1070 -0.1120
2001.375 -0.1000 -0.1030 -0.1070
2001.458 -0.0990 -0.1010 -0.1050
2001.542 -0.0970 -0.0980 -0.1020
2001.625 -0.0940 -0.0960 -0.0990
2001.708 -0.0940 -0.0950 -0.0980
2001.792 -0.0890 -0.0910 -0.0930
2001.875 -0.0850 -0.0860 -0.0890
2001.958 -0.0830 -0.0850 -0.0880
2002.042 -0.0830 -0.0850 -0.0870
2002.125 -0.0860 -0.0860 -0.0880
2002.208 -0.0840 -0.0830 -0.0860
2002.292 -0.0820 -0.0800 -0.0840
2002.375 -0.0780 -0.0770 -0.0790
2002.458 -0.0730 -0.0710 -0.0730
2002.542 -0.0720 -0.0690 -0.0720
2002.625 -0.0640 -0.0610 -0.0650
2002.708 -0.0630 -0.0600 -0.0630
2002.792 -0.0590 -0.0570 -0.0600
2002.875 -0.0570 -0.0550 -0.0580
2002.958 -0.0530 -0.0510 -0.0530
2003.042 -0.0480 -0.0480 -0.0480
2003.125 -0.0450 -0.0440 -0.0440
2003.208 -0.0420 -0.0400 -0.0410
2003.292 -0.0370 -0.0350 -0.0370
2003.375 -0.0280 -0.0270 -0.0300
2003.458 -0.0220 -0.0200 -0.0220
2003.542 -0.0140 -0.0130 -0.0150
2003.625 -0.0120 -0.0110 -0.0130
2003.708 -0.0070 -0.0070 -0.0070
2003.792 -0.0060 -0.0070 -0.0060
2003.875 -0.0060 -0.0060 -0.0050
2003.958 -0.0070 -0.0060 -0.0050
2004.042 -0.0050 -0.0040 -0.0040
2004.125 -0.0060 -0.0050 -0.0050
2004.208 -0.0020 -0.0030 -0.0020
2004.292 -0.0000 -0.0020 0.0000
2004.375 0.0030 0.0010 0.0030
2004.458 0.0030 0.0000 0.0030
2004.542 0.0060 0.0030 0.0060
2004.625 0.0090 0.0070 0.0100
2004.708 0.0100 0.0070 0.0110
2004.792 0.0060 0.0040 0.0080
2004.875 0.0090 0.0060 0.0120
2004.958 0.0090 0.0080 0.0120
2005.042 0.0100 0.0080 0.0120
2005.125 0.0110 0.0080 0.0110
2005.208 0.0120 0.0100 0.0110
2005.292 0.0110 0.0100 0.0110
2005.375 0.0110 0.0110 0.0120
2005.458 0.0110 0.0120 0.0110
2005.542 0.0100 0.0130 0.0110
2005.625 0.0020 0.0050 0.0040
2005.708 -0.0020 0.0020 -0.0010
2005.792 -0.0010 0.0040 0.0010
2005.875 -0.0010 0.0040 0.0000
2005.958 -0.0030 0.0020 -0.0020
2006.042 -0.0020 0.0010 -0.0020
2006.125 -0.0020 0.0020 -0.0010
2006.208 -0.0050 -0.0000 -0.0030
2006.292 -0.0050 -0.0010 -0.0040
2006.375 -0.0060 -0.0020 -0.0060
2006.458 -0.0040 0.0000 -0.0030
2006.542 -0.0070 -0.0030 -0.0060
2006.625 -0.0060 -0.0020 -0.0050
2006.708 -0.0090 -0.0040 -0.0080
2006.792 -0.0110 -0.0060 -0.0100
2006.875 -0.0120 -0.0050 -0.0110
2006.958 -0.0080 -0.0020 -0.0070
2007.042 -0.0030 0.0030 -0.0030
2007.125 0.0060 0.0110 0.0040
2007.208 0.0100 0.0130 0.0070
2007.292 0.0130 0.0170 0.0110
2007.375 0.0150 0.0180 0.0120
2007.458 0.0160 0.0190 0.0130
2007.542 0.0200 0.0230 0.0160
2007.625 0.0200 0.0240 0.0160
2007.708 0.0240 0.0280 0.0200
2007.792 0.0260 0.0320 0.0220
2007.875 0.0300 0.0350 0.0250
2007.958 0.0320 0.0380 0.0270
2008.042 0.0320 0.0390 0.0280
2008.125 0.0310 0.0400 0.0280
2008.208 0.0320 0.0410 0.0290
2008.292 0.0310 0.0400 0.0280
2008.375 0.0300 0.0390 0.0270
2008.458 0.0310 0.0400 0.0280
2008.542 0.0270 0.0380 0.0240
2008.625 0.0270 0.0370 0.0230
2008.708 0.0230 0.0330 0.0190
2008.792 0.0230 0.0340 0.0190
2008.875 0.0240 0.0360 0.0210
2008.958 0.0250 0.0350 0.0210
2009.042 0.0250 0.0350 0.0210
2009.125 0.0300 0.0380 0.0230
2009.208 0.0310 0.0380 0.0230
2009.292 0.0300 0.0380 0.0220
2009.375 0.0290 0.0370 0.0220
2009.458 0.0270 0.0340 0.0190
2009.542 0.0240 0.0310 0.0160
2009.625 0.0150 0.0220 0.0090
2009.708 0.0110 0.0190 0.0060
2009.792 0.0080 0.0160 0.0040
2009.875 0.0060 0.0140 0.0030
2009.958 0.0080 0.0160 0.0050
2010.042 0.0090 0.0180 0.0060
2010.125 0.0080 0.0180 0.0070
2010.208 0.0100 0.0190 0.0090
2010.292 0.0120 0.0210 0.0110
2010.375 0.0160 0.0240 0.0140
2010.458 0.0190 0.0270 0.0170
2010.542 0.0210 0.0280 0.0180
2010.625 0.0280 0.0350 0.0250
2010.708 0.0320 0.0390 0.0290
2010.792 0.0320 0.0380 0.0290
2010.875 0.0320 0.0400 0.0300
2010.958 0.0340 0.0430 0.0320
2011.042 0.0370 0.0470 0.0360
2011.125 0.0370 0.0480 0.0370
2011.208 0.0410 0.0510 0.0390
2011.292 0.0420 0.0540 0.0420
2011.375 0.0420 0.0550 0.0420
2011.458 0.0450 0.0570 0.0430
2011.542 0.0470 0.0590 0.0450
2011.625 0.0490 0.0610 0.0460
2011.708 0.0490 0.0610 0.0470
2011.792 0.0530 0.0650 0.0520
2011.875 0.0560 0.0690 0.0550
2011.958 0.0600 0.0720 0.0590
2012.042 0.0600 0.0720 0.0600
2012.125 0.0560 0.0700 0.0580
2012.208 0.0590 0.0720 0.0600
2012.292 0.0620 0.0730 0.0610
2012.375 0.0640 0.0750 0.0630
2012.458 0.0620 0.0740 0.0610
2012.542 0.0620 0.0750 0.0630
2012.625 0.0630 0.0750 0.0640
2012.708 0.0620 0.0750 0.0640
2012.792 0.0620 0.0740 0.0650
2012.875 0.0600 0.0720 0.0640
2012.958 0.0610 0.0720 0.0650
2013.042 0.0630 0.0740 0.0680
2013.125 0.0650 0.0760 0.0700
2013.208 0.0680 0.0790 0.0730
2013.292 0.0710 0.0830 0.0770
2013.375 0.0770 0.0900 0.0840
2013.458 0.0820 0.0940 0.0880
2013.542 0.0920 0.1040 0.0990
2013.625 0.1030 0.1150 0.1100
2013.708 0.1150 0.1270 0.1230
2013.792 0.1250 0.1380 0.1350
2013.875 0.1330 0.1450 0.1420
2013.958 0.1410 0.1520 0.1490
2014.042 0.1430 0.1560 0.1530
2014.125 0.1440 0.1580 0.1560
2014.208 0.1480 0.1640 0.1610
2014.292 0.1530 0.1690 0.1670
2014.375 0.1580 0.1730 0.1700
2014.458 0.1650 0.1780 0.1760
2014.542 0.1710 0.1830 0.1820
2014.625 0.1810 0.1930 0.1910
2014.708 0.1910 0.2020 0.2000
2014.792 0.2030 0.2130 0.2100
2014.875 0.2070 0.2170 0.2140
2014.958 0.2100 0.2190 0.2160
2015.042 0.2110 0.2200 0.2170
2015.125 0.2150 0.2240 0.2210
2015.208 0.2170 0.2260 0.2250
2015.292 0.2170 0.2280 0.2270
2015.375 0.2190 0.2290 0.2290
2015.458 0.2200 0.2300 0.2310
2015.542 0.2260 0.2360 0.2390
2015.625 0.2280 0.2380 0.2410
2015.708 0.2330 0.2420 0.2460
2015.792 0.2370 0.2460 0.2490
2015.875 0.2430 0.2500 0.2540
2015.958 0.2460 0.2520 0.2570
2016.042 0.2480 0.2540 0.2590
2016.125 0.2510 0.2560 0.2630
2016.208 0.2530 0.2580 0.2650
2016.292 0.2530 0.2570 0.2660
2016.375 0.2590 0.2610 0.2720
2016.458 0.2580 0.2600 0.2720
2016.542 0.2620 0.2640 0.2770
2016.625 0.2650 0.2660 0.2790
2016.708 0.2710 0.2720 0.2840
2016.792 0.2780 0.2780 0.2900
2016.875 0.2830 0.2820 0.2950
2016.958 0.2830 0.2820 0.2960
2017.042 0.2860 0.2850 0.2990
2017.125 0.2920 0.2900 0.3040
2017.208 0.2940 0.2920 0.3060
2017.292 0.2940 0.2930 0.3070
2017.375 0.2990 0.2970 0.3110
2017.458 0.3050 0.3020 0.3160
2017.542 0.3110 0.3080 0.3220
2017.625 0.3160 0.3130 0.3270
2017.708 0.3220 0.3180 0.3320
2017.792 0.3260 0.3240 0.3360
2017.875 0.3320 0.3290 0.3410
2017.958 0.3350 0.3320 0.3440
2018.042 0.3360 0.3340 0.3450
2018.125 0.3400 0.3350 0.3470
2018.208 0.3410 0.3350 0.3480
2018.292 0.3430 0.3360 0.3490
2018.375 0.3400 0.3330 0.3470
2018.458 0.3410 0.3330 0.3470
2018.542 0.3350 0.3270 0.3420
2018.625 0.3290 0.3200 0.3350
2018.708 0.3190 0.3100 0.3250
2018.792 0.3110 0.3020 0.3170
2018.875 0.3060 0.2980 0.3110
2018.958 0.3030 0.2950 0.3090
2019.042 0.3030 0.2940 0.3090
2019.125 0.3040 0.2940 0.3090
2019.208 0.3020 0.2920 0.3070
2019.292 0.3030 0.2920 0.3070
2019.375 0.3040 0.2940 0.3090
2019.458 0.3040 0.2940 0.3090
2019.542 0.3020 0.2930 0.3090
2019.625 0.3000 0.2900 0.3070
2019.708 0.2950 0.2860 0.3040
2019.792 0.2930 0.2830 0.3030
2019.875 0.2910 0.2810 0.3020
2019.958 0.2890 0.2810 0.3000
2020.042 0.2930 0.2840 0.3030
2020.125 0.2950 0.2840 0.3040
2020.208 0.2960 0.2850 0.3040
2020.292 0.2980 0.2860 0.3050
2020.375 0.3000 0.2880 0.3050
2020.458 0.2980 0.2860 0.3030
2020.542 0.2970 0.2850 0.3010
2020.625 0.2980 0.2860 0.3020
2020.708 0.2990 0.2870 0.3040
2020.792 0.3040 0.2930 0.3090
2020.875 0.3060 0.2950 0.3110
2020.958 0.3080 0.2970 0.3130
2021.042 0.3130 0.3020 0.3180
2021.125 0.3210 0.3100 0.3230
2021.208 0.3290 0.3170 0.3310
2021.292 0.3410 0.3290 0.3410
2021.375 0.3480 0.3360 0.3470
2021.458 0.3570 0.3450 0.3570
2021.542 0.3650 0.3530 0.3640
